        3510.    9.745E-12
        3511.    9.556E-12
        3513.    9.463E-12
        3514.    9.406E-12
        3516.    9.377E-12
        3517.    9.367E-12
        3518.    9.450E-12
        3520.    9.730E-12
        3521.    1.004E-11
        3523.    1.010E-11
        3524.    9.999E-12
        3525.    9.988E-12
        3527.    1.020E-11
        3528.    1.011E-11
        3530.    1.016E-11
        3531.    1.025E-11
        3532.    9.923E-12
        3534.    9.761E-12
        3535.    9.728E-12
        3537.    9.880E-12
        3538.    9.548E-12
        3539.    9.656E-12
        3541.    9.949E-12
        3542.    1.014E-11
        3544.    1.012E-11
        3545.    1.025E-11
        3546.    1.045E-11
        3548.    1.066E-11
        3549.    1.028E-11
        3551.    9.898E-12
        3552.    9.787E-12
        3553.    9.722E-12
        3555.    9.475E-12
        3556.    9.455E-12
        3558.    9.475E-12
        3559.    9.352E-12
        3560.    9.206E-12
        3562.    9.703E-12
        3563.    1.016E-11
        3565.    1.032E-11
        3566.    1.030E-11
        3567.    1.037E-11
        3569.    1.009E-11
        3570.    9.659E-12
        3572.    9.224E-12
        3573.    8.803E-12
        3574.    8.667E-12
        3576.    8.712E-12
        3577.    8.817E-12
        3579.    8.933E-12
        3580.    9.088E-12
        3581.    9.168E-12
        3583.    9.313E-12
        3584.    9.039E-12
        3586.    8.662E-12
        3587.    8.321E-12
        3588.    7.905E-12
        3590.    7.536E-12
        3591.    7.766E-12
        3593.    8.358E-12
        3594.    8.766E-12
        3595.    8.880E-12
        3597.    8.798E-12
        3598.    8.753E-12
        3600.    8.888E-12
        3601.    9.100E-12
        3602.    9.084E-12
        3604.    9.044E-12
        3605.    9.214E-12
        3607.    9.215E-12
        3608.    9.119E-12
        3609.    9.328E-12
        3611.    9.530E-12
        3612.    9.507E-12
        3614.    9.411E-12
        3615.    9.265E-12
        3616.    9.164E-12
        3618.    9.003E-12
        3619.    9.018E-12
        3621.    9.187E-12
        3622.    9.121E-12
        3623.    9.156E-12
        3625.    9.289E-12
        3626.    9.450E-12
        3628.    9.651E-12
        3629.    9.810E-12
        3630.    9.457E-12
        3632.    8.794E-12
        3633.    8.526E-12
        3635.    8.636E-12
        3636.    8.701E-12
        3637.    8.418E-12
        3639.    8.222E-12
        3640.    8.530E-12
        3642.    8.815E-12
        3643.    8.882E-12
        3644.    8.741E-12
        3646.    8.590E-12
        3647.    8.673E-12
        3649.    9.023E-12
        3650.    8.655E-12
        3651.    8.690E-12
        3653.    9.048E-12
        3654.    9.196E-12
        3656.    9.262E-12
        3657.    9.338E-12
        3658.    9.162E-12
        3660.    9.412E-12
        3661.    9.261E-12
        3663.    8.858E-12
        3664.    8.925E-12
        3665.    8.953E-12
        3667.    8.943E-12
        3668.    9.282E-12
        3670.    1.018E-11
        3671.    9.882E-12
        3672.    9.461E-12
        3674.    8.934E-12
        3675.    8.585E-12
        3677.    8.449E-12
        3678.    8.850E-12
        3679.    9.472E-12
        3681.    9.320E-12
        3682.    8.547E-12
        3684.    8.275E-12
        3685.    8.446E-12
        3686.    8.771E-12
        3688.    9.020E-12
        3689.    9.282E-12
        3691.    9.190E-12
        3692.    8.741E-12
        3693.    8.713E-12
        3695.    9.171E-12
        3696.    9.752E-12
        3698.    9.801E-12
        3699.    9.650E-12
        3700.    9.747E-12
        3702.    1.012E-11
        3703.    1.003E-11
        3705.    9.698E-12
        3706.    9.362E-12
        3707.    9.324E-12
        3709.    9.693E-12
        3710.    9.980E-12
        3712.    9.752E-12
        3713.    9.329E-12
        3714.    9.441E-12
        3716.    9.771E-12
        3717.    1.040E-11
        3719.    1.082E-11
        3720.    1.059E-11
        3721.    1.012E-11
        3723.    9.551E-12
        3724.    9.196E-12
        3726.    9.328E-12
        3727.    9.802E-12
        3728.    1.031E-11
        3730.    1.050E-11
        3731.    1.019E-11
        3733.    9.502E-12
        3734.    8.811E-12
        3735.    8.432E-12
        3737.    8.655E-12
        3738.    9.649E-12
        3740.    1.075E-11
        3741.    1.134E-11
        3742.    1.161E-11
        3744.    1.167E-11
        3745.    1.147E-11
        3747.    1.113E-11
        3748.    1.072E-11
        3749.    9.823E-12
        3751.    9.042E-12
        3752.    8.554E-12
        3754.    9.083E-12
        3755.    1.041E-11
        3756.    1.122E-11
        3758.    1.147E-11
        3759.    1.167E-11
        3761.    1.149E-11
        3762.    1.145E-11
        3763.    1.135E-11
        3765.    1.146E-11
        3766.    1.151E-11
        3768.    1.111E-11
        3769.    1.037E-11
        3770.    9.323E-12
        3772.    8.830E-12
        3773.    9.194E-12
        3775.    1.017E-11
        3776.    1.122E-11
        3777.    1.187E-11
        3779.    1.243E-11
        3780.    1.266E-11
        3782.    1.265E-11
        3783.    1.247E-11
        3784.    1.225E-11
        3786.    1.178E-11
        3787.    1.154E-11
        3789.    1.172E-11
        3790.    1.204E-11
        3791.    1.203E-11
        3793.    1.157E-11
        3794.    1.121E-11
        3796.    1.043E-11
        3797.    9.349E-12
        3798.    8.666E-12
        3800.    8.796E-12
        3801.    9.584E-12
        3803.    1.051E-11
        3804.    1.118E-11
        3805.    1.149E-11
        3807.    1.168E-11
        3808.    1.197E-11
        3810.    1.248E-11
        3811.    1.305E-11
        3812.    1.320E-11
        3814.    1.289E-11
        3815.    1.250E-11
        3817.    1.223E-11
        3818.    1.187E-11
        3819.    1.150E-11
        3821.    1.150E-11
        3822.    1.174E-11
        3824.    1.213E-11
        3825.    1.218E-11
        3826.    1.164E-11
        3828.    1.104E-11
        3829.    1.097E-11
        3831.    1.069E-11
        3832.    9.874E-12
        3833.    9.015E-12
        3835.    8.366E-12
        3836.    8.214E-12
        3838.    8.852E-12
        3839.    9.923E-12
        3840.    1.079E-11
        3842.    1.142E-11
        3843.    1.182E-11
        3845.    1.188E-11
        3846.    1.197E-11
        3847.    1.215E-11
        3849.    1.226E-11
        3850.    1.238E-11
        3852.    1.251E-11
        3853.    1.256E-11
        3854.    1.229E-11
        3856.    1.182E-11
        3857.    1.156E-11
        3859.    1.174E-11
        3860.    1.206E-11
        3861.    1.221E-11
        3863.    1.215E-11
        3864.    1.218E-11
        3866.    1.235E-11
        3867.    1.216E-11
        3868.    1.173E-11
        3870.    1.145E-11
        3871.    1.135E-11
        3873.    1.145E-11
        3874.    1.157E-11
        3875.    1.161E-11
        3877.    1.151E-11
        3878.    1.134E-11
        3880.    1.111E-11
        3881.    1.099E-11
        3882.    1.081E-11
        3884.    1.053E-11
        3885.    9.949E-12
        3887.    9.068E-12
        3888.    8.410E-12
        3889.    8.174E-12
        3891.    8.531E-12
        3892.    9.369E-12
        3894.    1.033E-11
        3895.    1.110E-11
        3896.    1.152E-11
        3898.    1.168E-11
        3899.    1.166E-11
        3901.    1.166E-11
        3902.    1.159E-11
        3903.    1.164E-11
        3905.    1.159E-11
        3906.    1.142E-11
        3908.    1.144E-11
        3909.    1.184E-11
        3910.    1.198E-11
        3912.    1.189E-11
        3913.    1.156E-11
        3915.    1.162E-11
        3916.    1.168E-11
        3917.    1.139E-11
        3919.    1.099E-11
        3920.    1.068E-11
        3922.    1.090E-11
        3923.    1.120E-11
        3924.    1.097E-11
        3926.    1.042E-11
        3927.    9.951E-12
        3929.    9.854E-12
        3930.    1.020E-11
        3931.    1.012E-11
        3933.    9.739E-12
        3934.    9.451E-12
        3936.    9.797E-12
        3937.    1.029E-11
        3938.    1.063E-11
        3940.    1.079E-11
        3941.    1.057E-11
        3943.    1.061E-11
        3944.    1.102E-11
        3945.    1.123E-11
        3947.    1.115E-11
        3948.    1.113E-11
        3950.    1.107E-11
        3951.    1.088E-11
        3952.    1.074E-11
        3954.    1.073E-11
        3955.    1.076E-11
        3957.    1.075E-11
        3958.    1.077E-11
        3959.    1.069E-11
        3961.    1.041E-11
        3962.    1.015E-11
        3964.    9.978E-12
        3965.    9.618E-12
        3966.    8.893E-12
        3968.    7.963E-12
        3969.    7.166E-12
        3971.    7.029E-12
        3972.    7.708E-12
        3973.    8.563E-12
        3975.    9.195E-12
        3976.    9.655E-12
        3978.    1.006E-11
        3979.    1.020E-11
        3980.    1.024E-11
        3982.    1.027E-11
        3983.    1.042E-11
        3985.    1.049E-11
        3986.    1.053E-11
        3987.    1.041E-11
        3989.    1.035E-11
        3990.    1.049E-11
        3992.    1.060E-11
        3993.    1.049E-11
        3994.    1.027E-11
        3996.    1.002E-11
        3997.    1.022E-11
        3999.    1.021E-11
        4000.    1.015E-11
        4001.    1.009E-11
        4003.    1.027E-11
        4004.    1.030E-11
        4006.    1.031E-11
        4007.    1.028E-11
        4008.    1.016E-11
        4010.    9.805E-12
        4011.    9.915E-12
        4013.    1.006E-11
        4014.    1.018E-11
        4015.    1.022E-11
        4017.    1.032E-11
        4018.    1.037E-11
        4020.    1.027E-11
        4021.    1.003E-11
        4022.    9.812E-12
        4024.    9.630E-12
        4025.    9.263E-12
        4027.    8.924E-12
        4028.    9.025E-12
        4029.    9.182E-12
        4031.    9.469E-12
        4032.    9.729E-12
        4034.    9.790E-12
        4035.    9.850E-12
        4036.    9.785E-12
        4038.    9.703E-12
        4039.    9.694E-12
        4041.    9.999E-12
        4042.    1.016E-11
        4043.    1.010E-11
        4045.    9.983E-12
        4046.    9.807E-12
        4048.    9.683E-12
        4049.    9.793E-12
        4050.    9.900E-12
        4052.    9.731E-12
        4053.    9.601E-12
        4055.    9.555E-12
        4056.    9.762E-12
        4057.    1.007E-11
        4059.    1.004E-11
        4060.    9.911E-12
        4062.    1.001E-11
        4063.    1.016E-11
        4064.    1.014E-11
        4066.    1.007E-11
        4067.    1.013E-11
        4069.    1.014E-11
        4070.    1.002E-11
        4071.    9.943E-12
        4073.    9.860E-12
        4074.    9.777E-12
        4076.    9.762E-12
        4077.    9.814E-12
        4078.    9.798E-12
        4080.    9.718E-12
        4081.    9.761E-12
        4083.    9.709E-12
        4084.    9.656E-12
        4085.    9.665E-12
        4087.    9.665E-12
        4088.    9.758E-12
        4090.    9.872E-12
        4091.    9.774E-12
        4092.    9.383E-12
        4094.    9.233E-12
        4095.    9.065E-12
        4097.    8.818E-12
        4098.    8.450E-12
        4099.    7.916E-12
        4101.    7.392E-12
        4102.    7.012E-12
        4104.    7.018E-12
        4105.    7.520E-12
        4106.    7.950E-12
        4108.    8.316E-12
        4109.    8.574E-12
        4111.    8.768E-12
        4112.    8.942E-12
        4113.    9.010E-12
        4115.    9.131E-12
        4116.    9.389E-12
        4118.    9.519E-12
        4119.    9.474E-12
        4120.    9.250E-12
        4122.    9.173E-12
        4123.    9.150E-12
        4125.    9.235E-12
        4126.    9.331E-12
        4127.    9.327E-12
        4129.    9.264E-12
        4130.    9.105E-12
        4132.    8.950E-12
        4133.    9.003E-12
        4134.    8.988E-12
        4136.    8.978E-12
        4137.    8.950E-12
        4139.    8.801E-12
        4140.    8.662E-12
        4141.    8.565E-12
        4143.    8.497E-12
        4144.    8.444E-12
        4146.    8.360E-12
        4147.    8.399E-12
        4148.    8.599E-12
        4150.    8.827E-12
        4151.    9.024E-12
        4153.    9.183E-12
        4154.    9.327E-12
        4155.    9.401E-12
        4157.    9.255E-12
        4158.    9.117E-12
        4160.    9.071E-12
        4161.    9.092E-12
        4162.    9.209E-12
        4164.    9.222E-12
        4165.    9.006E-12
        4167.    8.818E-12
        4168.    8.743E-12
        4169.    8.711E-12
        4171.    8.663E-12
        4172.    8.734E-12
        4174.    8.898E-12
        4175.    8.978E-12
        4176.    8.954E-12
        4178.    8.987E-12
        4179.    8.991E-12
        4181.    8.900E-12
        4182.    8.737E-12
        4183.    8.525E-12
        4185.    8.506E-12
        4186.    8.713E-12
        4188.    8.819E-12
        4189.    8.847E-12
        4190.    8.863E-12
        4192.    8.796E-12
        4193.    8.732E-12
        4195.    8.719E-12
        4196.    8.800E-12
        4197.    8.821E-12
        4199.    8.756E-12
        4200.    8.729E-12
        4202.    8.769E-12
        4203.    8.797E-12
        4204.    8.850E-12
        4206.    8.837E-12
        4207.    8.772E-12
        4209.    8.742E-12
        4210.    8.864E-12
        4211.    8.947E-12
        4213.    8.781E-12
        4214.    8.703E-12
        4216.    8.812E-12
        4217.    8.839E-12
        4218.    8.764E-12
        4220.    8.786E-12
        4221.    8.837E-12
        4223.    8.901E-12
        4224.    8.944E-12
        4225.    8.939E-12
        4227.    8.975E-12
        4228.    8.831E-12
        4230.    8.717E-12
        4231.    8.694E-12
        4232.    8.648E-12
        4234.    8.587E-12
        4235.    8.618E-12
        4237.    8.788E-12
        4238.    8.665E-12
        4239.    8.711E-12
        4241.    8.794E-12
        4242.    8.789E-12
        4244.    8.620E-12
        4245.    8.595E-12
        4246.    8.682E-12
        4248.    8.768E-12
        4249.    8.789E-12
        4251.    8.697E-12
        4252.    8.645E-12
        4253.    8.644E-12
        4255.    8.631E-12
        4256.    8.688E-12
        4258.    8.569E-12
        4259.    8.421E-12
        4260.    8.460E-12
        4262.    8.458E-12
        4263.    8.335E-12
        4265.    8.276E-12
        4266.    8.228E-12
        4267.    8.168E-12
        4269.    8.033E-12
        4270.    7.996E-12
        4272.    8.111E-12
        4273.    8.365E-12
        4274.    8.536E-12
        4276.    8.555E-12
        4277.    8.497E-12
        4279.    8.434E-12
        4280.    8.329E-12
        4281.    8.271E-12
        4283.    8.251E-12
        4284.    8.293E-12
        4286.    8.359E-12
        4287.    8.442E-12
        4288.    8.516E-12
        4290.    8.578E-12
        4291.    8.424E-12
        4293.    8.307E-12
        4294.    8.344E-12
        4295.    8.376E-12
        4297.    8.463E-12
        4298.    8.463E-12
        4300.    8.353E-12
        4301.    8.241E-12
        4302.    8.172E-12
        4304.    8.206E-12
        4305.    8.303E-12
        4307.    8.382E-12
        4308.    8.380E-12
        4309.    8.389E-12
        4311.    8.472E-12
        4312.    8.459E-12
        4314.    8.366E-12
        4315.    8.331E-12
        4316.    8.318E-12
        4318.    8.287E-12
        4319.    8.275E-12
        4321.    8.136E-12
        4322.    8.043E-12
        4323.    8.091E-12
        4325.    7.976E-12
        4326.    7.882E-12
        4328.    7.888E-12
        4329.    7.907E-12
        4330.    7.829E-12
        4332.    7.742E-12
        4333.    7.677E-12
        4335.    7.587E-12
        4336.    7.421E-12
        4337.    7.154E-12
        4339.    6.689E-12
        4340.    6.119E-12
        4342.    5.901E-12
        4343.    6.190E-12
        4344.    6.646E-12
        4346.    6.978E-12
        4347.    7.180E-12
        4349.    7.476E-12
        4350.    7.695E-12
        4351.    7.883E-12
        4353.    7.912E-12
        4354.    7.817E-12
        4356.    7.849E-12
        4357.    7.908E-12
        4358.    7.712E-12
        4360.    7.747E-12
        4361.    7.772E-12
        4363.    7.855E-12
        4364.    7.842E-12
        4365.    7.957E-12
        4367.    7.914E-12
        4368.    7.881E-12
        4370.    7.845E-12
        4371.    7.835E-12
        4372.    7.863E-12
        4374.    7.835E-12
        4375.    7.805E-12
        4377.    7.901E-12
        4378.    8.110E-12
        4379.    8.153E-12
        4381.    8.113E-12
        4382.    7.869E-12
        4384.    7.536E-12
        4385.    7.415E-12
        4386.    7.264E-12
        4388.    7.089E-12
        4389.    7.176E-12
        4391.    7.373E-12
        4392.    7.626E-12
        4393.    7.808E-12
        4395.    7.716E-12
        4396.    7.744E-12
        4398.    7.798E-12
        4399.    7.698E-12
        4400.    7.496E-12
        4402.    7.282E-12
        4403.    7.233E-12
        4405.    7.407E-12
        4406.    7.694E-12
        4407.    7.754E-12
        4409.    7.707E-12
        4410.    7.643E-12
        4412.    7.480E-12
        4413.    7.349E-12
        4414.    7.317E-12
        4416.    7.345E-12
        4417.    7.320E-12
        4419.    7.241E-12
        4420.    7.270E-12
        4421.    7.328E-12
        4423.    7.277E-12
        4424.    7.192E-12
        4426.    7.104E-12
        4427.    7.101E-12
        4428.    7.115E-12
        4430.    7.002E-12
        4431.    6.863E-12
        4433.    6.815E-12
        4434.    6.815E-12
        4435.    6.869E-12
        4437.    7.055E-12
        4438.    7.202E-12
        4440.    7.190E-12
        4441.    7.070E-12
        4442.    7.151E-12
        4444.    7.301E-12
        4445.    7.416E-12
        4447.    7.407E-12
        4448.    7.328E-12
        4449.    7.251E-12
        4451.    7.261E-12
        4452.    7.303E-12
        4454.    7.358E-12
        4455.    7.464E-12
        4456.    7.441E-12
        4458.    7.323E-12
        4459.    7.302E-12
        4461.    7.359E-12
        4462.    7.397E-12
        4463.    7.382E-12
        4465.    7.384E-12
        4466.    7.206E-12
        4468.    6.946E-12
        4469.    6.707E-12
        4470.    6.486E-12
        4472.    6.297E-12
        4473.    6.423E-12
        4475.    6.684E-12
        4476.    6.930E-12
        4477.    6.985E-12
        4479.    6.836E-12
        4480.    6.658E-12
        4482.    6.626E-12
        4483.    6.774E-12
        4484.    7.151E-12
        4486.    7.278E-12
        4487.    7.348E-12
        4489.    7.337E-12
        4490.    7.273E-12
        4491.    7.299E-12
        4493.    7.305E-12
        4494.    7.329E-12
        4496.    7.413E-12
        4497.    7.593E-12
        4498.    7.604E-12
        4500.    7.515E-12
        4501.    7.477E-12
        4503.    7.413E-12
        4504.    7.379E-12
        4505.    7.232E-12
        4507.    7.120E-12
        4508.    7.147E-12
        4510.    7.222E-12
        4511.    7.232E-12
        4512.    7.192E-12
        4514.    7.148E-12
        4515.    7.266E-12
        4517.    7.469E-12
        4518.    7.563E-12
        4519.    7.535E-12
        4521.    7.443E-12
        4522.    7.411E-12
        4524.    7.302E-12
        4525.    7.242E-12
        4526.    7.263E-12
        4528.    7.251E-12
        4529.    7.346E-12
        4531.    7.528E-12
        4532.    7.535E-12
        4533.    7.454E-12
        4535.    7.489E-12
        4536.    7.478E-12
        4538.    7.387E-12
        4539.    7.301E-12
        4540.    7.272E-12
        4542.    7.310E-12
        4543.    7.434E-12
        4545.    7.459E-12
        4546.    7.308E-12
        4547.    7.165E-12
        4549.    7.016E-12
        4550.    6.869E-12
        4552.    6.736E-12
        4553.    6.760E-12
        4554.    6.876E-12
        4556.    6.993E-12
        4557.    7.011E-12
        4559.    6.982E-12
        4560.    7.013E-12
        4561.    6.979E-12
        4563.    6.908E-12
        4564.    6.907E-12
        4566.    6.987E-12
        4567.    7.051E-12
        4568.    7.068E-12
        4570.    7.050E-12
        4571.    7.073E-12
        4573.    7.038E-12
        4574.    6.864E-12
        4575.    6.708E-12
        4577.    6.703E-12
        4578.    6.742E-12
        4580.    6.876E-12
        4581.    6.956E-12
        4582.    7.018E-12
        4584.    7.063E-12
        4585.    6.893E-12
        4587.    6.684E-12
        4588.    6.635E-12
        4589.    6.661E-12
        4591.    6.676E-12
        4592.    6.731E-12
        4594.    6.889E-12
        4595.    6.991E-12
        4596.    6.953E-12
        4598.    6.924E-12
        4599.    6.848E-12
        4601.    6.784E-12
        4602.    6.709E-12
        4603.    6.663E-12
        4605.    6.662E-12
        4606.    6.706E-12
        4608.    6.830E-12
        4609.    6.929E-12
        4610.    6.954E-12
        4612.    6.932E-12
        4613.    6.878E-12
        4615.    6.907E-12
        4616.    6.913E-12
        4617.    6.850E-12
        4619.    6.901E-12
        4620.    6.816E-12
        4622.    6.796E-12
        4623.    6.796E-12
        4624.    6.775E-12
        4626.    6.829E-12
        4627.    6.692E-12
        4629.    6.401E-12
        4630.    6.315E-12
        4631.    6.412E-12
        4633.    6.448E-12
        4634.    6.442E-12
        4636.    6.445E-12
        4637.    6.501E-12
        4638.    6.596E-12
        4640.    6.647E-12
        4641.    6.776E-12
        4643.    6.889E-12
        4644.    6.939E-12
        4645.    6.945E-12
        4647.    6.844E-12
        4648.    6.735E-12
        4650.    6.781E-12
        4651.    6.869E-12
        4652.    6.858E-12
        4654.    6.897E-12
        4655.    6.885E-12
        4657.    6.890E-12
        4658.    7.043E-12
        4659.    7.139E-12
        4661.    7.069E-12
        4662.    6.895E-12
        4664.    6.756E-12
        4665.    6.692E-12
        4666.    6.597E-12
        4668.    6.588E-12
        4669.    6.587E-12
        4671.    6.634E-12
        4672.    6.706E-12
        4673.    6.836E-12
        4675.    7.045E-12
        4676.    7.034E-12
        4678.    6.852E-12
        4679.    6.741E-12
        4680.    6.775E-12
        4682.    6.815E-12
        4683.    6.755E-12
        4685.    6.644E-12
        4686.    6.660E-12
        4687.    6.783E-12
        4689.    6.852E-12
        4690.    6.776E-12
        4692.    6.679E-12
        4693.    6.600E-12
        4694.    6.614E-12
        4696.    6.832E-12
        4697.    6.763E-12
        4699.    6.630E-12
        4700.    6.505E-12
        4701.    6.365E-12
        4703.    6.438E-12
        4704.    6.447E-12
        4706.    6.529E-12
        4707.    6.568E-12
        4708.    6.604E-12
        4710.    6.823E-12
        4711.    6.782E-12
        4713.    6.580E-12
        4714.    6.498E-12
        4715.    6.472E-12
        4717.    6.495E-12
        4718.    6.609E-12
        4720.    6.512E-12
        4721.    6.479E-12
        4722.    6.526E-12
        4724.    6.508E-12
        4725.    6.332E-12
        4727.    6.294E-12
        4728.    6.385E-12
        4729.    6.441E-12
        4731.    6.523E-12
        4732.    6.580E-12
        4734.    6.559E-12
        4735.    6.390E-12
        4736.    6.390E-12
        4738.    6.460E-12
        4739.    6.459E-12
        4741.    6.459E-12
        4742.    6.363E-12
        4743.    6.357E-12
        4745.    6.458E-12
        4746.    6.447E-12
        4748.    6.365E-12
        4749.    6.298E-12
        4750.    6.329E-12
        4752.    6.275E-12
        4753.    6.197E-12
        4755.    6.222E-12
        4756.    6.312E-12
        4757.    6.470E-12
        4759.    6.450E-12
        4760.    6.436E-12
        4762.    6.528E-12
        4763.    6.487E-12
        4764.    6.389E-12
        4766.    6.287E-12
        4767.    6.263E-12
        4769.    6.190E-12
        4770.    6.231E-12
        4771.    6.475E-12
        4773.    6.444E-12
        4774.    6.270E-12
        4776.    6.236E-12
        4777.    6.329E-12
        4778.    6.313E-12
        4780.    6.245E-12
        4781.    6.210E-12
        4783.    6.199E-12
        4784.    6.252E-12
        4785.    6.295E-12
        4787.    6.252E-12
        4788.    6.199E-12
        4790.    6.235E-12
        4791.    6.358E-12
        4792.    6.438E-12
        4794.    6.237E-12
        4795.    6.174E-12
        4797.    6.221E-12
        4798.    6.221E-12
        4799.    6.170E-12
        4801.    6.093E-12
        4802.    6.100E-12
        4804.    6.216E-12
        4805.    6.188E-12
        4806.    6.098E-12
        4808.    6.115E-12
        4809.    6.206E-12
        4811.    6.055E-12
        4812.    6.083E-12
        4813.    6.218E-12
        4815.    6.249E-12
        4816.    6.221E-12
        4818.    6.145E-12
        4819.    6.125E-12
        4820.    6.097E-12
        4822.    6.162E-12
        4823.    6.268E-12
        4825.    6.305E-12
        4826.    6.224E-12
        4827.    6.207E-12
        4829.    6.215E-12
        4830.    6.154E-12
        4832.    6.059E-12
        4833.    6.044E-12
        4834.    6.021E-12
        4836.    6.029E-12
        4837.    6.081E-12
        4839.    6.105E-12
        4840.    6.108E-12
        4841.    6.181E-12
        4843.    6.136E-12
        4844.    5.972E-12
        4846.    5.887E-12
        4847.    5.849E-12
        4848.    5.730E-12
        4850.    5.801E-12
        4851.    5.861E-12
        4853.    5.751E-12
        4854.    5.673E-12
        4855.    5.630E-12
        4857.    5.547E-12
        4858.    5.577E-12
        4860.    5.494E-12
        4861.    5.261E-12
        4862.    5.076E-12
        4864.    5.063E-12
        4865.    5.317E-12
        4867.    5.562E-12
        4868.    5.789E-12
        4869.    6.019E-12
        4871.    6.037E-12
        4872.    5.944E-12
        4874.    5.801E-12
        4875.    5.681E-12
        4876.    5.635E-12
        4878.    5.609E-12
        4879.    5.616E-12
        4881.    5.667E-12
        4882.    5.696E-12
        4883.    5.620E-12
        4885.    5.573E-12
        4886.    5.653E-12
        4888.    5.687E-12
        4889.    5.626E-12
        4890.    5.693E-12
        4892.    5.864E-12
        4893.    5.987E-12
        4895.    5.979E-12
        4896.    6.064E-12
        4897.    6.134E-12
        4899.    6.144E-12
        4900.    6.112E-12
        4902.    6.095E-12
        4903.    6.048E-12
        4904.    6.004E-12
        4906.    5.977E-12
        4907.    5.944E-12
        4909.    5.875E-12
        4910.    5.842E-12
        4911.    5.826E-12
        4913.    5.817E-12
        4914.    5.787E-12
        4916.    5.837E-12
        4917.    5.843E-12
        4918.    5.603E-12
        4920.    5.402E-12
        4921.    5.308E-12
        4923.    5.306E-12
        4924.    5.405E-12
        4925.    5.559E-12
        4927.    5.704E-12
        4928.    5.774E-12
        4930.    5.836E-12
        4931.    5.858E-12
        4932.    5.869E-12
        4934.    5.912E-12
        4935.    5.814E-12
        4937.    5.753E-12
        4938.    5.818E-12
        4939.    5.891E-12
        4941.    6.014E-12
        4942.    5.936E-12
        4944.    5.911E-12
        4945.    5.939E-12
        4946.    6.101E-12
        4948.    6.027E-12
        4949.    6.038E-12
        4951.    6.024E-12
        4952.    5.963E-12
        4953.    5.864E-12
        4955.    5.796E-12
        4956.    5.812E-12
        4958.    5.750E-12
        4959.    5.838E-12
        4960.    5.823E-12
        4962.    5.817E-12
        4963.    5.863E-12
        4965.    5.856E-12
        4966.    5.835E-12
        4967.    5.808E-12
        4969.    5.721E-12
        4970.    5.581E-12
        4972.    5.515E-12
        4973.    5.585E-12
        4974.    5.632E-12
        4976.    5.730E-12
        4977.    5.808E-12
        4979.    5.756E-12
        4980.    5.596E-12
        4981.    5.576E-12
        4983.    5.721E-12
        4984.    5.802E-12
        4986.    5.756E-12
        4987.    5.711E-12
        4988.    5.725E-12
        4990.    5.672E-12
        4991.    5.599E-12
        4993.    5.617E-12
        4994.    5.636E-12
        4995.    5.654E-12
        4997.    5.619E-12
        4998.    5.616E-12
        5000.    5.658E-12
        5001.    5.559E-12
        5002.    5.476E-12
        5004.    5.351E-12
        5005.    5.264E-12
        5007.    5.313E-12
        5008.    5.346E-12
        5009.    5.373E-12
        5011.    5.395E-12
        5012.    5.392E-12
        5014.    5.378E-12
        5015.    5.277E-12
        5016.    5.157E-12
        5018.    5.144E-12
        5019.    5.261E-12
        5021.    5.375E-12
        5022.    5.446E-12
        5023.    5.559E-12
        5025.    5.641E-12
        5026.    5.581E-12
        5028.    5.638E-12
        5029.    5.570E-12
        5030.    5.494E-12
        5032.    5.384E-12
        5033.    5.344E-12
        5035.    5.362E-12
        5036.    5.572E-12
        5037.    5.661E-12
        5039.    5.557E-12
        5040.    5.441E-12
        5042.    5.409E-12
        5043.    5.499E-12
        5044.    5.383E-12
        5046.    5.287E-12
        5047.    5.333E-12
        5049.    5.382E-12
        5050.    5.404E-12
        5051.    5.340E-12
        5053.    5.407E-12
        5054.    5.360E-12
        5056.    5.255E-12
        5057.    5.256E-12
        5058.    5.423E-12
        5060.    5.412E-12
        5061.    5.328E-12
        5063.    5.295E-12
        5064.    5.337E-12
        5065.    5.380E-12
        5067.    5.431E-12
        5068.    5.445E-12
        5070.    5.440E-12
        5071.    5.423E-12
        5072.    5.433E-12
        5074.    5.454E-12
        5075.    5.380E-12
        5077.    5.316E-12
        5078.    5.341E-12
        5079.    5.374E-12
        5081.    5.392E-12
        5082.    5.329E-12
        5084.    5.306E-12
        5085.    5.393E-12
        5086.    5.433E-12
        5088.    5.410E-12
        5089.    5.379E-12
        5091.    5.424E-12
        5092.    5.460E-12
        5093.    5.418E-12
        5095.    5.355E-12
        5096.    5.263E-12
        5098.    5.253E-12
        5099.    5.354E-12
        5100.    5.338E-12
        5102.    5.287E-12
        5103.    5.277E-12
        5105.    5.286E-12
        5106.    5.286E-12
        5107.    5.280E-12
        5109.    5.233E-12
        5110.    5.198E-12
        5112.    5.187E-12
        5113.    5.226E-12
        5114.    5.286E-12
        5116.    5.224E-12
        5117.    5.156E-12
        5119.    5.159E-12
        5120.    5.220E-12
        5121.    5.315E-12
        5123.    5.330E-12
        5124.    5.363E-12
        5126.    5.323E-12
        5127.    5.343E-12
        5128.    5.329E-12
        5130.    5.271E-12
        5131.    5.306E-12
        5133.    5.335E-12
        5134.    5.300E-12
        5135.    5.216E-12
        5137.    5.183E-12
        5138.    5.092E-12
        5140.    5.070E-12
        5141.    5.133E-12
        5142.    5.210E-12
        5144.    5.296E-12
        5145.    5.385E-12
        5147.    5.375E-12
        5148.    5.327E-12
        5149.    5.334E-12
        5151.    5.309E-12
        5152.    5.279E-12
        5154.    5.235E-12
        5155.    5.237E-12
        5156.    5.273E-12
        5158.    5.294E-12
        5159.    5.311E-12
        5161.    5.296E-12
        5162.    5.216E-12
        5163.    5.169E-12
        5165.    5.201E-12
        5166.    5.137E-12
        5168.    5.005E-12
        5169.    4.950E-12
        5170.    4.942E-12
        5172.    4.918E-12
        5173.    4.904E-12
        5175.    4.938E-12
        5176.    5.011E-12
        5177.    5.078E-12
        5179.    5.072E-12
        5180.    5.034E-12
        5182.    5.018E-12
        5183.    5.023E-12
        5184.    5.021E-12
        5186.    5.028E-12
        5187.    5.110E-12
        5189.    5.152E-12
        5190.    5.099E-12
        5191.    5.050E-12
        5193.    5.036E-12
        5194.    5.074E-12
        5196.    5.105E-12
        5197.    5.122E-12
        5198.    5.088E-12
        5200.    5.076E-12
        5201.    5.109E-12
        5203.    5.026E-12
        5204.    4.977E-12
        5205.    4.999E-12
        5207.    4.985E-12
        5208.    4.992E-12
        5210.    4.955E-12
        5211.    4.953E-12
        5212.    4.917E-12
        5214.    4.821E-12
        5215.    4.899E-12
        5217.    4.955E-12
        5218.    4.999E-12
        5219.    4.962E-12
        5221.    4.839E-12
        5222.    4.834E-12
        5224.    4.903E-12
        5225.    4.930E-12
        5226.    4.974E-12
        5228.    4.926E-12
        5229.    4.992E-12
        5231.    5.030E-12
        5232.    4.980E-12
        5233.    4.965E-12
        5235.    4.957E-12
        5236.    4.969E-12
        5238.    4.959E-12
        5239.    4.849E-12
        5240.    4.840E-12
        5242.    4.897E-12
        5243.    4.936E-12
        5245.    4.950E-12
        5246.    4.949E-12
        5247.    4.869E-12
        5249.    4.848E-12
        5250.    4.847E-12
        5252.    4.823E-12
        5253.    4.827E-12
        5254.    4.818E-12
        5256.    4.807E-12
        5257.    4.829E-12
        5259.    4.856E-12
        5260.    4.914E-12
        5261.    4.955E-12
        5263.    4.912E-12
        5264.    4.836E-12
        5266.    4.808E-12
        5267.    4.793E-12
        5268.    4.774E-12
        5270.    4.788E-12
        5271.    4.766E-12
        5273.    4.779E-12
        5274.    4.798E-12
        5275.    4.717E-12
        5277.    4.675E-12
        5278.    4.727E-12
        5280.    4.807E-12
        5281.    4.818E-12
        5282.    4.762E-12
        5284.    4.682E-12
        5285.    4.622E-12
        5287.    4.642E-12
        5288.    4.671E-12
        5289.    4.699E-12
        5291.    4.729E-12
        5292.    4.729E-12
        5294.    4.714E-12
        5295.    4.714E-12
        5296.    4.674E-12
        5298.    4.650E-12
        5299.    4.658E-12
        5301.    4.625E-12
        5302.    4.625E-12
        5303.    4.644E-12
        5305.    4.643E-12
        5306.    4.696E-12
        5308.    4.738E-12
        5309.    4.736E-12
        5310.    4.715E-12
        5312.    4.731E-12
        5313.    4.695E-12
        5315.    4.632E-12
        5316.    4.595E-12
        5317.    4.590E-12
        5319.    4.607E-12
        5320.    4.600E-12
        5322.    4.604E-12
        5323.    4.544E-12
        5324.    4.590E-12
        5326.    4.660E-12
        5327.    4.635E-12
        5329.    4.537E-12
        5330.    4.552E-12
        5331.    4.564E-12
        5333.    4.537E-12
        5334.    4.540E-12
        5336.    4.552E-12
        5337.    4.559E-12
        5338.    4.550E-12
        5340.    4.569E-12
        5341.    4.546E-12
        5343.    4.521E-12
        5344.    4.548E-12
        5345.    4.569E-12
        5347.    4.652E-12
        5348.    4.679E-12
        5350.    4.614E-12
        5351.    4.568E-12
        5352.    4.585E-12
        5354.    4.615E-12
        5355.    4.583E-12
        5357.    4.527E-12
        5358.    4.474E-12
        5359.    4.376E-12
        5361.    4.307E-12
        5362.    4.354E-12
        5364.    4.401E-12
        5365.    4.482E-12
        5366.    4.563E-12
        5368.    4.567E-12
        5369.    4.519E-12
        5371.    4.485E-12
        5372.    4.507E-12
        5373.    4.585E-12
        5375.    4.498E-12
        5376.    4.449E-12
        5378.    4.539E-12
        5379.    4.621E-12
        5380.    4.586E-12
        5382.    4.561E-12
        5383.    4.466E-12
        5385.    4.421E-12
        5386.    4.373E-12
        5387.    4.411E-12
        5389.    4.463E-12
        5390.    4.526E-12
        5392.    4.594E-12
        5393.    4.550E-12
        5394.    4.452E-12
        5396.    4.359E-12
        5397.    4.348E-12
        5399.    4.361E-12
        5400.    4.393E-12
        5401.    4.401E-12
        5403.    4.405E-12
        5404.    4.392E-12
        5406.    4.405E-12
        5407.    4.444E-12
        5408.    4.439E-12
        5410.    4.451E-12
        5411.    4.454E-12
        5413.    4.421E-12
        5414.    4.441E-12
        5415.    4.420E-12
        5417.    4.387E-12
        5418.    4.392E-12
        5420.    4.377E-12
        5421.    4.385E-12
        5422.    4.381E-12
        5424.    4.333E-12
        5425.    4.320E-12
        5427.    4.251E-12
        5428.    4.244E-12
        5429.    4.266E-12
        5431.    4.216E-12
        5432.    4.247E-12
        5434.    4.290E-12
        5435.    4.298E-12
        5436.    4.319E-12
        5438.    4.294E-12
        5439.    4.260E-12
        5441.    4.232E-12
        5442.    4.142E-12
        5443.    4.096E-12
        5445.    4.128E-12
        5446.    4.139E-12
        5448.    4.161E-12
        5449.    4.203E-12
        5450.    4.201E-12
        5452.    4.189E-12
        5453.    4.174E-12
        5455.    4.087E-12
        5456.    4.020E-12
        5457.    4.018E-12
        5459.    4.085E-12
        5460.    4.179E-12
        5462.    4.196E-12
        5463.    4.156E-12
        5464.    4.189E-12
        5466.    4.240E-12
        5467.    4.246E-12
        5469.    4.192E-12
        5470.    4.275E-12
        5471.    4.280E-12
        5473.    4.275E-12
        5474.    4.298E-12
        5476.    4.197E-12
        5477.    4.111E-12
        5478.    4.122E-12
        5480.    4.151E-12
        5481.    4.179E-12
        5483.    4.211E-12
        5484.    4.198E-12
        5485.    4.165E-12
        5487.    4.197E-12
        5488.    4.158E-12
        5490.    4.094E-12
        5491.    4.072E-12
        5492.    4.081E-12
        5494.    4.172E-12
        5495.    4.209E-12
        5497.    4.241E-12
        5498.    4.240E-12
        5499.    4.228E-12
        5501.    4.213E-12
        5502.    4.200E-12
        5504.    4.206E-12
        5505.    4.085E-12
        5506.    4.007E-12
        5508.    3.931E-12
        5509.    3.955E-12
        5511.    4.012E-12
        5512.    4.020E-12
        5513.    4.031E-12
        5515.    4.111E-12
        5516.    4.154E-12
        5518.    4.134E-12
        5519.    4.098E-12
        5520.    4.038E-12
        5522.    4.055E-12
        5523.    4.085E-12
        5525.    4.059E-12
        5526.    4.048E-12
        5527.    4.005E-12
        5529.    3.962E-12
        5530.    3.988E-12
        5532.    4.027E-12
        5533.    4.066E-12
        5534.    4.041E-12
        5536.    3.981E-12
        5537.    3.988E-12
        5539.    3.986E-12
        5540.    3.994E-12
        5541.    4.031E-12
        5543.    4.025E-12
        5544.    4.029E-12
        5546.    4.026E-12
        5547.    4.030E-12
        5548.    4.120E-12
        5550.    4.137E-12
        5551.    4.094E-12
        5553.    4.063E-12
        5554.    4.064E-12
        5555.    3.987E-12
        5557.    3.931E-12
        5558.    3.932E-12
        5560.    3.964E-12
        5561.    3.997E-12
        5562.    4.013E-12
        5564.    4.018E-12
        5565.    3.986E-12
        5567.    3.982E-12
        5568.    4.009E-12
        5569.    4.000E-12
        5571.    3.976E-12
        5572.    3.946E-12
        5574.    3.937E-12
        5575.    3.931E-12
        5576.    3.923E-12
        5578.    3.932E-12
        5579.    3.947E-12
        5581.    3.952E-12
        5582.    3.981E-12
        5583.    4.040E-12
        5585.    4.054E-12
        5586.    4.077E-12
        5588.    4.046E-12
        5589.    3.972E-12
        5590.    3.946E-12
        5592.    3.930E-12
        5593.    3.978E-12
        5595.    3.978E-12
        5596.    3.987E-12
        5597.    4.038E-12
        5599.    4.082E-12
        5600.    3.976E-12
        5602.    3.835E-12
        5603.    3.783E-12
        5604.    3.859E-12
        5606.    3.936E-12
        5607.    3.920E-12
        5609.    3.903E-12
        5610.    3.888E-12
        5611.    3.867E-12
        5613.    3.856E-12
        5614.    3.864E-12
        5616.    3.923E-12
        5617.    3.935E-12
        5618.    3.861E-12
        5620.    3.852E-12
        5621.    3.898E-12
        5623.    3.903E-12
        5624.    3.916E-12
        5625.    3.877E-12
        5627.    3.796E-12
        5628.    3.763E-12
        5630.    3.753E-12
        5631.    3.745E-12
        5632.    3.735E-12
        5634.    3.756E-12
        5635.    3.788E-12
        5637.    3.805E-12
        5638.    3.783E-12
        5639.    3.760E-12
        5641.    3.741E-12
        5642.    3.775E-12
        5644.    3.820E-12
        5645.    3.833E-12
        5646.    3.801E-12
        5648.    3.700E-12
        5649.    3.743E-12
        5651.    3.781E-12
        5652.    3.825E-12
        5653.    3.887E-12
        5655.    3.886E-12
        5656.    3.849E-12
        5658.    3.811E-12
        5659.    3.770E-12
        5660.    3.715E-12
        5662.    3.696E-12
        5663.    3.657E-12
        5665.    3.645E-12
        5666.    3.624E-12
        5667.    3.624E-12
        5669.    3.646E-12
        5670.    3.625E-12
        5672.    3.648E-12
        5673.    3.617E-12
        5674.    3.651E-12
        5676.    3.700E-12
        5677.    3.673E-12
        5679.    3.645E-12
        5680.    3.634E-12
        5681.    3.637E-12
        5683.    3.641E-12
        5684.    3.676E-12
        5686.    3.661E-12
        5687.    3.643E-12
        5688.    3.623E-12
        5690.    3.627E-12
        5691.    3.696E-12
        5693.    3.739E-12
        5694.    3.742E-12
        5695.    3.712E-12
        5697.    3.687E-12
        5698.    3.669E-12
        5700.    3.641E-12
        5701.    3.636E-12
        5702.    3.594E-12
        5704.    3.517E-12
        5705.    3.507E-12
        5707.    3.540E-12
        5708.    3.572E-12
        5709.    3.579E-12
        5711.    3.578E-12
        5712.    3.612E-12
        5714.    3.654E-12
        5715.    3.699E-12
        5716.    3.691E-12
        5718.    3.629E-12
        5719.    3.625E-12
        5721.    3.666E-12
        5722.    3.647E-12
        5723.    3.570E-12
        5725.    3.524E-12
        5726.    3.517E-12
        5728.    3.527E-12
        5729.    3.549E-12
        5730.    3.590E-12
        5732.    3.593E-12
        5733.    3.572E-12
        5735.    3.585E-12
        5736.    3.568E-12
        5737.    3.542E-12
        5739.    3.535E-12
        5740.    3.561E-12
        5742.    3.563E-12
        5743.    3.534E-12
        5744.    3.575E-12
        5746.    3.607E-12
        5747.    3.542E-12
        5749.    3.507E-12
        5750.    3.541E-12
        5751.    3.542E-12
        5753.    3.539E-12
        5754.    3.505E-12
        5756.    3.483E-12
        5757.    3.480E-12
        5758.    3.487E-12
        5760.    3.504E-12
        5761.    3.567E-12
        5763.    3.561E-12
        5764.    3.546E-12
        5765.    3.451E-12
        5767.    3.473E-12
        5768.    3.468E-12
        5770.    3.466E-12
        5771.    3.493E-12
        5772.    3.463E-12
        5774.    3.413E-12
        5775.    3.347E-12
        5777.    3.262E-12
        5778.    3.183E-12
        5779.    3.041E-12
        5781.    3.041E-12
        5782.    3.138E-12
        5784.    3.243E-12
        5785.    3.351E-12
        5786.    3.393E-12
        5788.    3.355E-12
        5789.    3.323E-12
        5791.    3.317E-12
        5792.    3.285E-12
        5793.    3.284E-12
        5795.    3.287E-12
        5796.    3.281E-12
        5798.    3.321E-12
        5799.    3.398E-12
        5800.    3.434E-12
        5802.    3.434E-12
        5803.    3.467E-12
        5805.    3.497E-12
        5806.    3.462E-12
        5807.    3.430E-12
        5809.    3.424E-12
        5810.    3.427E-12
        5812.    3.428E-12
        5813.    3.423E-12
        5814.    3.424E-12
        5816.    3.377E-12
        5817.    3.363E-12
        5819.    3.359E-12
        5820.    3.334E-12
        5821.    3.322E-12
        5823.    3.359E-12
        5824.    3.381E-12
        5826.    3.374E-12
        5827.    3.366E-12
        5828.    3.347E-12
        5830.    3.356E-12
        5831.    3.383E-12
        5833.    3.408E-12
        5834.    3.422E-12
        5835.    3.329E-12
        5837.    3.269E-12
        5838.    3.275E-12
        5840.    3.325E-12
        5841.    3.365E-12
        5842.    3.381E-12
        5844.    3.416E-12
        5845.    3.434E-12
        5847.    3.399E-12
        5848.    3.339E-12
        5849.    3.308E-12
        5851.    3.279E-12
        5852.    3.217E-12
        5854.    3.214E-12
        5855.    3.295E-12
        5856.    3.311E-12
        5858.    3.327E-12
        5859.    3.363E-12
        5861.    3.366E-12
        5862.    3.372E-12
        5863.    3.274E-12
        5865.    3.254E-12
        5866.    3.292E-12
        5868.    3.258E-12
        5869.    3.221E-12
        5870.    3.194E-12
        5872.    3.160E-12
        5873.    3.125E-12
        5875.    2.982E-12
        5876.    2.867E-12
        5877.    2.904E-12
        5879.    3.010E-12
        5880.    3.079E-12
        5882.    3.173E-12
        5883.    3.223E-12
        5884.    3.248E-12
        5886.    3.226E-12
        5887.    3.072E-12
        5889.    2.735E-12
        5890.    2.634E-12
        5891.    2.837E-12
        5893.    2.923E-12
        5894.    2.796E-12
        5896.    2.687E-12
        5897.    2.848E-12
        5898.    3.071E-12
        5900.    3.166E-12
        5901.    3.220E-12
        5903.    3.230E-12
        5904.    3.232E-12
        5905.    3.210E-12
        5907.    3.153E-12
        5908.    3.123E-12
        5910.    3.141E-12
        5911.    3.166E-12
        5912.    3.197E-12
        5914.    3.217E-12
        5915.    3.224E-12
        5917.    3.194E-12
        5918.    3.172E-12
        5919.    3.212E-12
        5921.    3.199E-12
        5922.    3.141E-12
        5924.    3.135E-12
        5925.    3.173E-12
        5926.    3.162E-12
        5928.    3.192E-12
        5929.    3.230E-12
        5931.    3.237E-12
        5932.    3.213E-12
        5933.    3.134E-12
        5935.    3.210E-12
        5936.    3.269E-12
        5938.    3.297E-12
        5939.    3.248E-12
        5940.    3.115E-12
        5942.    3.126E-12
        5943.    3.175E-12
        5945.    3.238E-12
        5946.    3.234E-12
        5947.    3.162E-12
        5949.    3.203E-12
        5950.    3.084E-12
        5952.    3.085E-12
        5953.    3.126E-12
        5954.    3.168E-12
        5956.    3.240E-12
        5957.    3.162E-12
        5959.    3.109E-12
        5960.    3.094E-12
        5961.    3.113E-12
        5963.    3.149E-12
        5964.    3.159E-12
        5966.    3.111E-12
        5967.    3.059E-12
        5968.    3.048E-12
        5970.    3.064E-12
        5971.    3.042E-12
        5973.    3.062E-12
        5974.    3.070E-12
        5975.    3.087E-12
        5977.    3.087E-12
        5978.    3.060E-12
        5980.    3.034E-12
        5981.    3.032E-12
        5982.    3.076E-12
        5984.    3.096E-12
        5985.    3.070E-12
        5987.    3.018E-12
        5988.    2.972E-12
        5989.    3.064E-12
        5991.    3.137E-12
        5992.    3.062E-12
        5994.    3.053E-12
        5995.    3.031E-12
        5996.    3.008E-12
        5998.    3.063E-12
        5999.    3.081E-12
        6001.    3.051E-12
        6002.    3.031E-12
        6003.    3.012E-12
        6005.    2.993E-12
        6006.    2.967E-12
        6008.    3.043E-12
        6009.    3.042E-12
        6010.    3.045E-12
        6012.    3.089E-12
        6013.    3.050E-12
        6015.    2.924E-12
        6016.    2.917E-12
        6017.    2.988E-12
        6019.    3.039E-12
        6020.    3.052E-12
        6022.    3.047E-12
        6023.    3.076E-12
        6024.    3.045E-12
        6026.    2.975E-12
        6027.    2.934E-12
        6029.    2.968E-12
        6030.    2.992E-12
        6031.    2.971E-12
        6033.    2.966E-12
        6034.    2.974E-12
        6036.    2.931E-12
        6037.    2.877E-12
        6038.    2.957E-12
        6040.    2.943E-12
        6041.    2.956E-12
        6043.    2.955E-12
        6044.    2.932E-12
        6045.    2.937E-12
        6047.    2.912E-12
        6048.    2.895E-12
        6050.    2.935E-12
        6051.    2.961E-12
        6052.    2.970E-12
        6054.    2.972E-12
        6055.    2.998E-12
        6057.    2.980E-12
        6058.    2.909E-12
        6059.    2.917E-12
        6061.    2.956E-12
        6062.    2.970E-12
        6064.    2.951E-12
        6065.    2.978E-12
        6066.    3.021E-12
        6068.    3.008E-12
        6069.    2.968E-12
        6071.    2.926E-12
        6072.    2.922E-12
        6073.    2.887E-12
        6075.    2.858E-12
        6076.    2.870E-12
        6078.    2.891E-12
        6079.    2.918E-12
        6080.    2.927E-12
        6082.    2.966E-12
        6083.    2.935E-12
        6085.    2.918E-12
        6086.    2.946E-12
        6087.    2.978E-12
        6089.    3.015E-12
        6090.    2.986E-12
        6092.    2.976E-12
        6093.    2.948E-12
        6094.    3.007E-12
        6096.    3.052E-12
        6097.    3.039E-12
        6099.    2.958E-12
        6100.    2.814E-12
        6101.    2.726E-12
        6103.    2.759E-12
        6104.    2.820E-12
        6106.    2.842E-12
        6107.    2.837E-12
        6108.    2.821E-12
        6110.    2.807E-12
        6111.    2.839E-12
        6113.    2.857E-12
        6114.    2.894E-12
        6115.    2.949E-12
        6117.    2.955E-12
        6118.    2.933E-12
        6120.    2.957E-12
        6121.    2.990E-12
        6122.    2.957E-12
        6124.    2.932E-12
        6125.    2.913E-12
        6127.    2.864E-12
        6128.    2.848E-12
        6129.    2.856E-12
        6131.    2.867E-12
        6132.    2.862E-12
        6134.    2.841E-12
        6135.    2.826E-12
        6136.    2.819E-12
        6138.    2.796E-12
        6139.    2.790E-12
        6141.    2.768E-12
        6142.    2.776E-12
        6143.    2.818E-12
        6145.    2.793E-12
        6146.    2.817E-12
        6148.    2.852E-12
        6149.    2.868E-12
        6150.    2.821E-12
        6152.    2.855E-12
        6153.    2.842E-12
        6155.    2.858E-12
        6156.    2.841E-12
        6157.    2.807E-12
        6159.    2.759E-12
        6160.    2.730E-12
        6162.    2.758E-12
        6163.    2.769E-12
        6164.    2.765E-12
        6166.    2.757E-12
        6167.    2.756E-12
        6169.    2.781E-12
        6170.    2.794E-12
        6171.    2.843E-12
        6173.    2.835E-12
        6174.    2.766E-12
        6176.    2.685E-12
        6177.    2.625E-12
        6178.    2.623E-12
        6180.    2.644E-12
        6181.    2.674E-12
        6183.    2.688E-12
        6184.    2.687E-12
        6185.    2.697E-12
        6187.    2.698E-12
        6188.    2.689E-12
        6190.    2.708E-12
        6191.    2.730E-12
        6192.    2.718E-12
        6194.    2.675E-12
        6195.    2.650E-12
        6197.    2.666E-12
        6198.    2.703E-12
        6199.    2.719E-12
        6201.    2.710E-12
        6202.    2.698E-12
        6204.    2.661E-12
        6205.    2.652E-12
        6206.    2.665E-12
        6208.    2.674E-12
        6209.    2.686E-12
        6211.    2.688E-12
        6212.    2.689E-12
        6213.    2.671E-12
        6215.    2.666E-12
        6216.    2.663E-12
        6218.    2.618E-12
        6219.    2.582E-12
        6220.    2.677E-12
        6222.    2.680E-12
        6223.    2.684E-12
        6225.    2.673E-12
        6226.    2.645E-12
        6227.    2.620E-12
        6229.    2.642E-12
        6230.    2.696E-12
        6232.    2.704E-12
        6233.    2.716E-12
        6234.    2.724E-12
        6236.    2.756E-12
        6237.    2.681E-12
        6239.    2.710E-12
        6240.    2.743E-12
        6241.    2.767E-12
        6243.    2.753E-12
        6244.    2.672E-12
        6246.    2.682E-12
        6247.    2.714E-12
        6248.    2.736E-12
        6250.    2.727E-12
        6251.    2.637E-12
        6253.    2.604E-12
        6254.    2.612E-12
        6255.    2.588E-12
        6257.    2.565E-12
        6258.    2.552E-12
        6260.    2.573E-12
        6261.    2.605E-12
        6262.    2.592E-12
        6264.    2.602E-12
        6265.    2.606E-12
        6267.    2.577E-12
        6268.    2.560E-12
        6269.    2.552E-12
        6271.    2.521E-12
        6272.    2.493E-12
        6274.    2.498E-12
        6275.    2.462E-12
        6276.    2.372E-12
        6278.    2.326E-12
        6279.    2.325E-12
        6281.    2.250E-12
        6282.    2.196E-12
        6283.    2.193E-12
        6285.    2.218E-12
        6286.    2.294E-12
        6288.    2.395E-12
        6289.    2.447E-12
        6290.    2.505E-12
        6292.    2.536E-12
        6293.    2.525E-12
        6295.    2.513E-12
        6296.    2.554E-12
        6297.    2.533E-12
        6299.    2.535E-12
        6300.    2.533E-12
        6302.    2.513E-12
        6303.    2.475E-12
        6304.    2.504E-12
        6306.    2.566E-12
        6307.    2.583E-12
        6309.    2.551E-12
        6310.    2.482E-12
        6311.    2.466E-12
        6313.    2.475E-12
        6314.    2.481E-12
        6316.    2.505E-12
        6317.    2.553E-12
        6318.    2.611E-12
        6320.    2.591E-12
        6321.    2.561E-12
        6323.    2.566E-12
        6324.    2.556E-12
        6325.    2.507E-12
        6327.    2.493E-12
        6328.    2.490E-12
        6330.    2.484E-12
        6331.    2.473E-12
        6332.    2.476E-12
        6334.    2.465E-12
        6335.    2.436E-12
        6337.    2.426E-12
        6338.    2.460E-12
        6339.    2.508E-12
        6341.    2.496E-12
        6342.    2.463E-12
        6344.    2.447E-12
        6345.    2.430E-12
        6346.    2.406E-12
        6348.    2.387E-12
        6349.    2.418E-12
        6351.    2.466E-12
        6352.    2.482E-12
        6353.    2.478E-12
        6355.    2.492E-12
        6356.    2.517E-12
        6358.    2.515E-12
        6359.    2.507E-12
        6360.    2.491E-12
        6362.    2.504E-12
        6363.    2.512E-12
        6365.    2.510E-12
        6366.    2.547E-12
        6367.    2.578E-12
        6369.    2.544E-12
        6370.    2.455E-12
        6372.    2.391E-12
        6373.    2.390E-12
        6374.    2.389E-12
        6376.    2.377E-12
        6377.    2.409E-12
        6379.    2.400E-12
        6380.    2.387E-12
        6381.    2.373E-12
        6383.    2.401E-12
        6384.    2.435E-12
        6386.    2.466E-12
        6387.    2.502E-12
        6388.    2.511E-12
        6390.    2.484E-12
        6391.    2.474E-12
        6393.    2.445E-12
        6394.    2.408E-12
        6395.    2.377E-12
        6397.    2.428E-12
        6398.    2.460E-12
        6400.    2.439E-12
        6401.    2.417E-12
        6402.    2.395E-12
        6404.    2.360E-12
        6405.    2.408E-12
        6407.    2.473E-12
        6408.    2.505E-12
        6409.    2.523E-12
        6411.    2.535E-12
        6412.    2.488E-12
        6414.    2.443E-12
        6415.    2.459E-12
        6416.    2.496E-12
        6418.    2.500E-12
        6419.    2.492E-12
        6421.    2.505E-12
        6422.    2.501E-12
        6423.    2.515E-12
        6425.    2.486E-12
        6426.    2.434E-12
        6428.    2.456E-12
        6429.    2.480E-12
        6430.    2.474E-12
        6432.    2.465E-12
        6433.    2.506E-12
        6435.    2.499E-12
        6436.    2.487E-12
        6437.    2.517E-12
        6439.    2.495E-12
        6440.    2.425E-12
        6442.    2.385E-12
        6443.    2.376E-12
        6444.    2.389E-12
        6446.    2.336E-12
        6447.    2.327E-12
        6449.    2.352E-12
        6450.    2.351E-12
        6451.    2.373E-12
        6453.    2.381E-12
        6454.    2.375E-12
        6456.    2.369E-12
        6457.    2.403E-12
        6458.    2.414E-12
        6460.    2.390E-12
        6461.    2.361E-12
        6463.    2.367E-12
        6464.    2.370E-12
        6465.    2.377E-12
        6467.    2.379E-12
        6468.    2.378E-12
        6470.    2.391E-12
        6471.    2.370E-12
        6472.    2.324E-12
        6474.    2.298E-12
        6475.    2.310E-12
        6477.    2.327E-12
        6478.    2.357E-12
        6479.    2.358E-12
        6481.    2.334E-12
        6482.    2.295E-12
        6484.    2.313E-12
        6485.    2.352E-12
        6486.    2.351E-12
        6488.    2.336E-12
        6489.    2.327E-12
        6491.    2.311E-12
        6492.    2.290E-12
        6493.    2.287E-12
        6495.    2.323E-12
        6496.    2.360E-12
        6498.    2.352E-12
        6499.    2.365E-12
        6500.    2.396E-12
        6502.    2.380E-12
        6503.    2.340E-12
        6505.    2.345E-12
        6506.    2.358E-12
        6507.    2.378E-12
        6509.    2.405E-12
        6510.    2.446E-12
        6512.    2.414E-12
        6513.    2.381E-12
        6514.    2.385E-12
        6516.    2.379E-12
        6517.    2.361E-12
        6519.    2.382E-12
        6520.    2.432E-12
        6521.    2.429E-12
        6523.    2.441E-12
        6524.    2.444E-12
        6526.    2.432E-12
        6527.    2.398E-12
        6528.    2.369E-12
        6530.    2.317E-12
        6531.    2.260E-12
        6533.    2.292E-12
        6534.    2.389E-12
        6535.    2.455E-12
        6537.    2.468E-12
        6538.    2.451E-12
        6540.    2.427E-12
        6541.    2.409E-12
        6542.    2.406E-12
        6544.    2.414E-12
        6545.    2.416E-12
        6547.    2.414E-12
        6548.    2.435E-12
        6549.    2.440E-12
        6551.    2.438E-12
        6552.    2.441E-12
        6554.    2.522E-12
        6555.    2.675E-12
        6556.    2.859E-12
        6558.    3.000E-12
        6559.    3.098E-12
        6561.    3.163E-12
        6562.    3.182E-12
        6563.    3.189E-12
        6565.    3.114E-12
        6566.    2.951E-12
        6568.    2.769E-12
        6569.    2.593E-12
        6570.    2.476E-12
        6572.    2.410E-12
        6573.    2.382E-12
        6575.    2.374E-12
        6576.    2.344E-12
        6577.    2.291E-12
        6579.    2.260E-12
        6580.    2.282E-12
        6582.    2.303E-12
        6583.    2.268E-12
        6584.    2.273E-12
        6586.    2.289E-12
        6587.    2.321E-12
        6589.    2.351E-12
        6590.    2.332E-12
        6591.    2.269E-12
        6593.    2.245E-12
        6594.    2.249E-12
        6596.    2.296E-12
        6597.    2.327E-12
        6598.    2.318E-12
        6600.    2.273E-12
        6601.    2.248E-12
        6603.    2.269E-12
        6604.    2.295E-12
        6605.    2.309E-12
        6607.    2.284E-12
        6608.    2.263E-12
        6610.    2.220E-12
        6611.    2.184E-12
        6612.    2.135E-12
        6614.    2.192E-12
        6615.    2.235E-12
        6617.    2.236E-12
        6618.    2.218E-12
        6619.    2.220E-12
        6621.    2.216E-12
        6622.    2.236E-12
        6624.    2.256E-12
        6625.    2.232E-12
        6626.    2.228E-12
        6628.    2.228E-12
        6629.    2.240E-12
        6631.    2.218E-12
        6632.    2.203E-12
        6633.    2.201E-12
        6635.    2.166E-12
        6636.    2.169E-12
        6638.    2.175E-12
        6639.    2.163E-12
        6640.    2.183E-12
        6642.    2.199E-12
        6643.    2.180E-12
        6645.    2.165E-12
        6646.    2.178E-12
        6647.    2.185E-12
        6649.    2.185E-12
        6650.    2.184E-12
        6652.    2.216E-12
        6653.    2.213E-12
        6654.    2.175E-12
        6656.    2.166E-12
        6657.    2.167E-12
        6659.    2.159E-12
        6660.    2.165E-12
        6661.    2.171E-12
        6663.    2.127E-12
        6664.    2.126E-12
        6666.    2.128E-12
        6667.    2.141E-12
        6668.    2.120E-12
        6670.    2.111E-12
        6671.    2.079E-12
        6673.    2.053E-12
        6674.    2.053E-12
        6675.    2.001E-12
        6677.    1.923E-12
        6678.    1.888E-12
        6680.    1.870E-12
        6681.    1.987E-12
        6682.    2.067E-12
        6684.    2.086E-12
        6685.    2.096E-12
        6687.    2.112E-12
        6688.    2.087E-12
        6689.    2.068E-12
        6691.    2.085E-12
        6692.    2.101E-12
        6694.    2.102E-12
        6695.    2.102E-12
        6696.    2.093E-12
        6698.    2.083E-12
        6699.    2.100E-12
        6701.    2.129E-12
        6702.    2.146E-12
        6703.    2.135E-12
        6705.    2.092E-12
        6706.    2.052E-12
        6708.    2.040E-12
        6709.    2.044E-12
        6710.    2.051E-12
        6712.    2.066E-12
        6713.    2.079E-12
        6715.    2.066E-12
        6716.    2.061E-12
        6717.    2.070E-12
        6719.    2.067E-12
        6720.    2.076E-12
        6722.    2.116E-12
        6723.    2.151E-12
        6724.    2.124E-12
        6726.    2.093E-12
        6727.    2.078E-12
        6729.    2.059E-12
        6730.    2.057E-12
        6731.    2.045E-12
        6733.    2.006E-12
        6734.    2.012E-12
        6736.    2.042E-12
        6737.    2.054E-12
        6738.    2.026E-12
        6740.    2.011E-12
        6741.    2.000E-12
        6743.    2.005E-12
        6744.    2.021E-12
        6745.    2.054E-12
        6747.    2.061E-12
        6748.    2.061E-12
        6750.    2.067E-12
        6751.    2.068E-12
        6752.    2.091E-12
        6754.    2.118E-12
        6755.    2.123E-12
        6757.    2.120E-12
        6758.    2.124E-12
        6759.    2.084E-12
        6761.    2.046E-12
        6762.    2.053E-12
        6764.    2.084E-12
        6765.    2.069E-12
        6766.    2.057E-12
        6768.    2.070E-12
        6769.    2.073E-12
        6771.    2.056E-12
        6772.    2.046E-12
        6773.    2.034E-12
        6775.    2.026E-12
        6776.    2.051E-12
        6778.    2.055E-12
        6779.    2.034E-12
        6780.    2.032E-12
        6782.    2.101E-12
        6783.    2.135E-12
        6785.    2.073E-12
        6786.    2.035E-12
        6787.    2.030E-12
        6789.    2.016E-12
        6790.    2.008E-12
        6792.    2.015E-12
        6793.    2.031E-12
        6794.    2.051E-12
        6796.    2.049E-12
        6797.    2.030E-12
        6799.    2.016E-12
        6800.    2.039E-12
        6801.    2.068E-12
        6803.    2.022E-12
        6804.    2.012E-12
        6806.    2.075E-12
        6807.    2.104E-12
        6808.    2.073E-12
        6810.    2.001E-12
        6811.    1.942E-12
        6813.    2.012E-12
        6814.    2.060E-12
        6815.    2.075E-12
        6817.    2.073E-12
        6818.    2.058E-12
        6820.    2.042E-12
        6821.    2.023E-12
        6822.    1.973E-12
        6824.    1.955E-12
        6825.    1.996E-12
        6827.    2.000E-12
        6828.    1.989E-12
        6829.    1.984E-12
        6831.    1.952E-12
        6832.    1.975E-12
        6834.    2.006E-12
        6835.    2.030E-12
        6836.    1.979E-12
        6838.    1.956E-12
        6839.    1.955E-12
        6841.    1.971E-12
        6842.    1.991E-12
        6843.    1.981E-12
        6845.    1.964E-12
        6846.    1.978E-12
        6848.    2.000E-12
        6849.    1.989E-12
        6850.    2.012E-12
        6852.    2.038E-12
        6853.    2.022E-12
        6855.    1.969E-12
        6856.    1.932E-12
        6857.    1.938E-12
        6859.    1.934E-12
        6860.    1.937E-12
        6862.    1.920E-12
        6863.    1.873E-12
        6864.    1.831E-12
        6866.    1.727E-12
        6867.    1.544E-12
        6869.    1.410E-12
        6870.    1.400E-12
        6871.    1.423E-12
        6873.    1.476E-12
        6874.    1.521E-12
        6876.    1.550E-12
        6877.    1.585E-12
        6878.    1.659E-12
        6880.    1.777E-12
        6881.    1.829E-12
        6883.    1.867E-12
        6884.    1.849E-12
        6885.    1.755E-12
        6887.    1.674E-12
        6888.    1.655E-12
        6890.    1.635E-12
        6891.    1.610E-12
        6892.    1.607E-12
        6894.    1.632E-12
        6895.    1.652E-12
        6897.    1.660E-12
        6898.    1.670E-12
        6899.    1.673E-12
        6901.    1.771E-12
        6902.    1.810E-12
        6904.    1.763E-12
        6905.    1.742E-12
        6906.    1.747E-12
        6908.    1.759E-12
        6909.    1.796E-12
        6911.    1.816E-12
        6912.    1.784E-12
        6913.    1.796E-12
        6915.    1.832E-12
        6916.    1.868E-12
        6918.    1.887E-12
        6919.    1.873E-12
        6920.    1.852E-12
        6922.    1.827E-12
        6923.    1.793E-12
        6925.    1.793E-12
        6926.    1.810E-12
        6927.    1.814E-12
        6929.    1.788E-12
        6930.    1.798E-12
        6932.    1.820E-12
        6933.    1.811E-12
        6934.    1.808E-12
        6936.    1.815E-12
        6937.    1.800E-12
        6939.    1.756E-12
        6940.    1.741E-12
        6941.    1.767E-12
        6943.    1.811E-12
        6944.    1.824E-12
        6946.    1.813E-12
        6947.    1.777E-12
        6948.    1.777E-12
        6950.    1.817E-12
        6951.    1.840E-12
        6953.    1.839E-12
        6954.    1.814E-12
        6955.    1.772E-12
        6957.    1.755E-12
        6958.    1.773E-12
        6960.    1.794E-12
        6961.    1.818E-12
        6962.    1.840E-12
        6964.    1.850E-12
        6965.    1.885E-12
        6967.    1.913E-12
        6968.    1.926E-12
        6969.    1.961E-12
        6971.    1.955E-12
        6972.    1.966E-12
        6974.    1.953E-12
        6975.    1.937E-12
        6976.    1.904E-12
        6978.    1.892E-12
        6979.    1.883E-12
        6981.    1.882E-12
        6982.    1.907E-12
        6983.    1.909E-12
        6985.    1.895E-12
        6986.    1.871E-12
        6988.    1.819E-12
        6989.    1.775E-12
        6990.    1.757E-12
        6992.    1.772E-12
        6993.    1.812E-12
        6995.    1.844E-12
        6996.    1.859E-12
        6997.    1.845E-12
        6999.    1.839E-12
        7000.    1.832E-12
        7002.    1.802E-12
        7003.    1.768E-12
        7004.    1.784E-12
        7006.    1.821E-12
        7007.    1.841E-12
        7009.    1.830E-12
        7010.    1.804E-12
        7011.    1.829E-12
        7013.    1.859E-12
        7014.    1.855E-12
        7016.    1.870E-12
        7017.    1.890E-12
        7018.    1.847E-12
        7020.    1.795E-12
        7021.    1.763E-12
        7023.    1.740E-12
        7024.    1.695E-12
        7025.    1.696E-12
        7027.    1.725E-12
        7028.    1.762E-12
        7030.    1.798E-12
        7031.    1.818E-12
        7032.    1.784E-12
        7034.    1.784E-12
        7035.    1.793E-12
        7037.    1.824E-12
        7038.    1.820E-12
        7039.    1.828E-12
        7041.    1.846E-12
        7042.    1.850E-12
        7044.    1.846E-12
        7045.    1.810E-12
        7046.    1.763E-12
        7048.    1.762E-12
        7049.    1.781E-12
        7051.    1.778E-12
        7052.    1.805E-12
        7053.    1.834E-12
        7055.    1.862E-12
        7056.    1.861E-12
        7058.    1.831E-12
        7059.    1.795E-12
        7060.    1.782E-12
        7062.    1.778E-12
        7063.    1.746E-12
        7065.    1.667E-12
        7066.    1.659E-12
        7067.    1.707E-12
        7069.    1.757E-12
        7070.    1.758E-12
        7072.    1.757E-12
        7073.    1.804E-12
        7074.    1.837E-12
        7076.    1.839E-12
        7077.    1.817E-12
        7079.    1.777E-12
        7080.    1.805E-12
        7081.    1.864E-12
        7083.    1.873E-12
        7084.    1.873E-12
        7086.    1.889E-12
        7087.    1.880E-12
        7088.    1.846E-12
        7090.    1.846E-12
        7091.    1.840E-12
        7093.    1.846E-12
        7094.    1.873E-12
        7095.    1.874E-12
        7097.    1.882E-12
        7098.    1.841E-12
        7100.    1.777E-12
        7101.    1.757E-12
        7102.    1.793E-12
        7104.    1.793E-12
        7105.    1.776E-12
        7107.    1.754E-12
        7108.    1.760E-12
        7109.    1.786E-12
        7111.    1.770E-12
        7112.    1.770E-12
        7114.    1.763E-12
        7115.    1.733E-12
        7116.    1.732E-12
        7118.    1.787E-12
        7119.    1.812E-12
        7121.    1.807E-12
        7122.    1.821E-12
        7123.    1.862E-12
        7125.    1.874E-12
        7126.    1.852E-12
        7128.    1.806E-12
        7129.    1.783E-12
        7130.    1.788E-12
        7132.    1.856E-12
        7133.    1.869E-12
        7135.    1.879E-12
        7136.    1.876E-12
        7137.    1.841E-12
        7139.    1.809E-12
        7140.    1.781E-12
        7142.    1.780E-12
        7143.    1.790E-12
        7144.    1.807E-12
        7146.    1.836E-12
        7147.    1.859E-12
        7149.    1.876E-12
        7150.    1.889E-12
        7151.    1.880E-12
        7153.    1.848E-12
        7154.    1.769E-12
        7156.    1.756E-12
        7157.    1.798E-12
        7158.    1.759E-12
        7160.    1.728E-12
        7161.    1.727E-12
        7163.    1.757E-12
        7164.    1.762E-12
        7165.    1.707E-12
        7167.    1.693E-12
        7168.    1.717E-12
        7170.    1.710E-12
        7171.    1.629E-12
        7172.    1.549E-12
        7174.    1.536E-12
        7175.    1.515E-12
        7177.    1.533E-12
        7178.    1.617E-12
        7179.    1.632E-12
        7181.    1.584E-12
        7182.    1.499E-12
        7184.    1.417E-12
        7185.    1.425E-12
        7186.    1.526E-12
        7188.    1.674E-12
        7189.    1.632E-12
        7191.    1.589E-12
        7192.    1.579E-12
        7193.    1.581E-12
        7195.    1.550E-12
        7196.    1.577E-12
        7198.    1.572E-12
        7199.    1.527E-12
        7200.    1.494E-12
        7202.    1.527E-12
        7203.    1.529E-12
        7205.    1.545E-12
        7206.    1.582E-12
        7207.    1.632E-12
        7209.    1.673E-12
        7210.    1.679E-12
        7212.    1.689E-12
        7213.    1.680E-12
        7214.    1.651E-12
        7216.    1.652E-12
        7217.    1.696E-12
        7219.    1.770E-12
        7220.    1.781E-12
        7221.    1.723E-12
        7223.    1.677E-12
        7224.    1.642E-12
        7226.    1.604E-12
        7227.    1.585E-12
        7228.    1.608E-12
        7230.    1.611E-12
        7231.    1.531E-12
        7233.    1.444E-12
        7234.    1.454E-12
        7235.    1.579E-12
        7237.    1.674E-12
        7238.    1.633E-12
        7240.    1.570E-12
        7241.    1.552E-12
        7242.    1.559E-12
        7244.    1.581E-12
        7245.    1.598E-12
        7247.    1.603E-12
        7248.    1.599E-12
        7249.    1.581E-12
        7251.    1.564E-12
        7252.    1.551E-12
        7254.    1.587E-12
        7255.    1.619E-12
        7256.    1.570E-12
        7258.    1.587E-12
        7259.    1.606E-12
        7261.    1.612E-12
        7262.    1.560E-12
        7263.    1.550E-12
        7265.    1.520E-12
        7266.    1.610E-12
        7268.    1.668E-12
        7269.    1.626E-12
        7270.    1.600E-12
        7272.    1.556E-12
        7273.    1.498E-12
        7275.    1.421E-12
        7276.    1.391E-12
        7277.    1.461E-12
        7279.    1.542E-12
        7280.    1.562E-12
        7282.    1.528E-12
        7283.    1.531E-12
        7284.    1.534E-12
        7286.    1.479E-12
        7287.    1.440E-12
        7289.    1.438E-12
        7290.    1.486E-12
        7291.    1.545E-12
        7293.    1.570E-12
        7294.    1.572E-12
        7296.    1.584E-12
        7297.    1.586E-12
        7298.    1.559E-12
        7300.    1.535E-12
        7301.    1.524E-12
        7303.    1.501E-12
        7304.    1.523E-12
        7305.    1.576E-12
        7307.    1.538E-12
        7308.    1.467E-12
        7310.    1.468E-12
        7311.    1.519E-12
        7312.    1.560E-12
        7314.    1.562E-12
        7315.    1.553E-12
        7317.    1.514E-12
        7318.    1.494E-12
        7319.    1.519E-12
        7321.    1.560E-12
        7322.    1.598E-12
        7324.    1.589E-12
        7325.    1.563E-12
        7326.    1.548E-12
        7328.    1.534E-12
        7329.    1.597E-12
        7331.    1.581E-12
        7332.    1.542E-12
        7333.    1.512E-12
        7335.    1.497E-12
        7336.    1.521E-12
        7338.    1.463E-12
        7339.    1.478E-12
        7340.    1.506E-12
        7342.    1.503E-12
        7343.    1.499E-12
        7345.    1.537E-12
        7346.    1.573E-12
        7347.    1.579E-12
        7349.    1.545E-12
        7350.    1.505E-12
        7352.    1.510E-12
        7353.    1.516E-12
        7354.    1.530E-12
        7356.    1.549E-12
        7357.    1.541E-12
        7359.    1.538E-12
        7360.    1.519E-12
        7361.    1.492E-12
        7363.    1.476E-12
        7364.    1.468E-12
        7366.    1.476E-12
        7367.    1.490E-12
        7368.    1.503E-12
        7370.    1.515E-12
        7371.    1.516E-12
        7373.    1.501E-12
        7374.    1.443E-12
        7375.    1.410E-12
        7377.    1.419E-12
        7378.    1.425E-12
        7380.    1.446E-12
        7381.    1.453E-12
        7382.    1.445E-12
        7384.    1.435E-12
        7385.    1.442E-12
        7387.    1.466E-12
        7388.    1.483E-12
        7389.    1.482E-12
        7391.    1.468E-12
        7392.    1.459E-12
        7394.    1.460E-12
        7395.    1.484E-12
        7396.    1.478E-12
        7398.    1.461E-12
        7399.    1.444E-12
        7401.    1.430E-12
        7402.    1.406E-12
        7403.    1.389E-12
        7405.    1.384E-12
        7406.    1.390E-12
        7408.    1.393E-12
        7409.    1.406E-12
        7410.    1.430E-12
        7412.    1.419E-12
        7413.    1.418E-12
        7415.    1.478E-12
        7416.    1.520E-12
        7417.    1.520E-12
        7419.    1.513E-12
        7420.    1.486E-12
        7422.    1.471E-12
        7423.    1.483E-12
        7424.    1.444E-12
        7426.    1.412E-12
        7427.    1.409E-12
