        3510.    4.279E-13
        3511.    4.089E-13
        3513.    4.158E-13
        3514.    4.037E-13
        3516.    4.910E-13
        3517.    4.509E-13
        3518.    4.297E-13
        3520.    5.228E-13
        3521.    5.415E-13
        3523.    5.432E-13
        3524.    3.680E-13
        3525.    2.813E-13
        3527.    2.509E-13
        3528.    2.780E-13
        3530.    3.011E-13
        3531.    3.655E-13
        3532.    5.440E-13
        3534.    7.258E-13
        3535.    7.458E-13
        3537.    7.437E-13
        3538.    7.371E-13
        3539.    7.776E-13
        3541.    8.971E-13
        3542.    9.442E-13
        3544.    8.973E-13
        3545.    5.635E-13
        3546.    3.075E-13
        3548.    4.550E-13
        3549.    5.438E-13
        3551.    5.505E-13
        3552.    4.787E-13
        3553.    3.601E-13
        3555.    4.166E-13
        3556.    4.096E-13
        3558.    2.984E-13
        3559.    3.861E-13
        3560.    5.762E-13
        3562.    6.056E-13
        3563.    3.769E-13
        3565.    1.856E-13
        3566.    3.360E-13
        3567.    4.348E-13
        3569.    3.322E-13
        3570.    2.105E-13
        3572.    2.404E-13
        3573.    3.585E-13
        3574.    4.191E-13
        3576.    3.756E-13
        3577.    2.590E-13
        3579.    1.694E-13
        3580.    2.428E-13
        3581.    4.033E-13
        3583.    4.182E-13
        3584.    4.045E-13
        3586.    3.835E-13
        3587.    3.773E-13
        3588.    5.066E-13
        3590.    6.860E-13
        3591.    6.333E-13
        3593.    4.477E-13
        3594.    3.610E-13
        3595.    4.963E-13
        3597.    5.481E-13
        3598.    5.007E-13
        3600.    5.372E-13
        3601.    5.933E-13
        3602.    5.828E-13
        3604.    4.491E-13
        3605.    4.019E-13
        3607.    4.984E-13
        3608.    5.496E-13
        3609.    5.543E-13
        3611.    4.631E-13
        3612.    3.483E-13
        3614.    4.477E-13
        3615.    5.207E-13
        3616.    4.232E-13
        3618.    3.764E-13
        3619.    4.971E-13
        3621.    6.671E-13
        3622.    6.872E-13
        3623.    6.369E-13
        3625.    6.410E-13
        3626.    6.022E-13
        3628.    4.887E-13
        3629.    4.098E-13
        3630.    3.801E-13
        3632.    5.054E-13
        3633.    5.331E-13
        3635.    4.785E-13
        3636.    6.649E-13
        3637.    8.275E-13
        3639.    7.920E-13
        3640.    6.911E-13
        3642.    6.177E-13
        3643.    6.364E-13
        3644.    7.037E-13
        3646.    6.264E-13
        3647.    6.008E-13
        3649.    6.461E-13
        3650.    7.007E-13
        3651.    7.652E-13
        3653.    8.500E-13
        3654.    8.805E-13
        3656.    9.057E-13
        3657.    7.426E-13
        3658.    6.443E-13
        3660.    6.314E-13
        3661.    6.081E-13
        3663.    6.387E-13
        3664.    7.246E-13
        3665.    7.974E-13
        3667.    8.522E-13
        3668.    8.548E-13
        3670.    8.102E-13
        3671.    7.263E-13
        3672.    6.447E-13
        3674.    7.587E-13
        3675.    7.753E-13
        3677.    7.608E-13
        3678.    7.376E-13
        3679.    7.720E-13
        3681.    8.438E-13
        3682.    7.348E-13
        3684.    6.663E-13
        3685.    5.807E-13
        3686.    5.792E-13
        3688.    6.684E-13
        3689.    7.239E-13
        3691.    6.771E-13
        3692.    6.821E-13
        3693.    7.154E-13
        3695.    7.203E-13
        3696.    8.611E-13
        3698.    9.834E-13
        3699.    9.038E-13
        3700.    7.036E-13
        3702.    6.359E-13
        3703.    5.722E-13
        3705.    5.243E-13
        3706.    4.989E-13
        3707.    4.953E-13
        3709.    6.031E-13
        3710.    7.040E-13
        3712.    8.019E-13
        3713.    8.109E-13
        3714.    7.257E-13
        3716.    6.766E-13
        3717.    5.644E-13
        3719.    4.585E-13
        3720.    4.643E-13
        3721.    4.844E-13
        3723.    4.702E-13
        3724.    5.509E-13
        3726.    6.040E-13
        3727.    5.628E-13
        3728.    5.084E-13
        3730.    5.282E-13
        3731.    5.170E-13
        3733.    4.217E-13
        3734.    4.059E-13
        3735.    4.030E-13
        3737.    4.706E-13
        3738.    5.089E-13
        3740.    5.617E-13
        3741.    6.092E-13
        3742.    5.672E-13
        3744.    6.114E-13
        3745.    4.192E-13
        3747.    3.901E-13
        3748.    4.721E-13
        3749.    5.472E-13
        3751.    5.850E-13
        3752.    6.171E-13
        3754.    7.391E-13
        3755.    7.383E-13
        3756.    7.385E-13
        3758.    7.249E-13
        3759.    6.972E-13
        3761.    6.897E-13
        3762.    7.096E-13
        3763.    8.230E-13
        3765.    8.718E-13
        3766.    8.245E-13
        3768.    7.829E-13
        3769.    8.684E-13
        3770.    9.340E-13
        3772.    9.421E-13
        3773.    8.713E-13
        3775.    7.802E-13
        3776.    7.725E-13
        3777.    8.726E-13
        3779.    9.515E-13
        3780.    1.047E-12
        3782.    1.049E-12
        3783.    9.088E-13
        3784.    7.843E-13
        3786.    7.348E-13
        3787.    7.501E-13
        3789.    7.599E-13
        3790.    7.304E-13
        3791.    6.669E-13
        3793.    5.863E-13
        3794.    5.505E-13
        3796.    5.891E-13
        3797.    6.411E-13
        3798.    6.742E-13
        3800.    7.425E-13
        3801.    7.899E-13
        3803.    7.854E-13
        3804.    7.317E-13
        3805.    7.097E-13
        3807.    8.090E-13
        3808.    8.591E-13
        3810.    8.184E-13
        3811.    8.143E-13
        3812.    8.103E-13
        3814.    7.486E-13
        3815.    7.900E-13
        3817.    7.764E-13
        3818.    6.584E-13
        3819.    5.770E-13
        3821.    5.766E-13
        3822.    6.078E-13
        3824.    6.161E-13
        3825.    5.690E-13
        3826.    5.812E-13
        3828.    6.180E-13
        3829.    6.325E-13
        3831.    5.972E-13
        3832.    5.801E-13
        3833.    6.750E-13
        3835.    7.892E-13
        3836.    8.417E-13
        3838.    8.058E-13
        3839.    7.890E-13
        3840.    8.490E-13
        3842.    8.768E-13
        3843.    8.484E-13
        3845.    7.902E-13
        3846.    7.547E-13
        3847.    7.851E-13
        3849.    8.039E-13
        3850.    7.894E-13
        3852.    8.015E-13
        3853.    8.643E-13
        3854.    8.276E-13
        3856.    7.194E-13
        3857.    6.429E-13
        3859.    6.328E-13
        3860.    6.864E-13
        3861.    7.447E-13
        3863.    7.550E-13
        3864.    7.760E-13
        3866.    8.159E-13
        3867.    8.162E-13
        3868.    8.056E-13
        3870.    7.879E-13
        3871.    8.191E-13
        3873.    8.442E-13
        3874.    7.351E-13
        3875.    6.276E-13
        3877.    6.095E-13
        3878.    6.615E-13
        3880.    6.853E-13
        3881.    7.102E-13
        3882.    7.598E-13
        3884.    7.284E-13
        3885.    6.438E-13
        3887.    6.775E-13
        3888.    7.523E-13
        3889.    8.359E-13
        3891.    9.327E-13
        3892.    9.754E-13
        3894.    8.501E-13
        3895.    8.411E-13
        3896.    8.763E-13
        3898.    8.852E-13
        3899.    9.016E-13
        3901.    9.907E-13
        3902.    9.742E-13
        3903.    9.338E-13
        3905.    9.086E-13
        3906.    9.083E-13
        3908.    9.759E-13
        3909.    1.044E-12
        3910.    1.008E-12
        3912.    9.434E-13
        3913.    9.040E-13
        3915.    8.573E-13
        3916.    8.050E-13
        3917.    7.562E-13
        3919.    6.572E-13
        3920.    5.670E-13
        3922.    6.081E-13
        3923.    7.220E-13
        3924.    6.544E-13
        3926.    5.361E-13
        3927.    4.962E-13
        3929.    4.535E-13
        3930.    4.412E-13
        3931.    4.719E-13
        3933.    4.832E-13
        3934.    4.637E-13
        3936.    4.496E-13
        3937.    4.713E-13
        3938.    4.997E-13
        3940.    5.185E-13
        3941.    5.536E-13
        3943.    6.346E-13
        3944.    7.377E-13
        3945.    7.811E-13
        3947.    7.983E-13
        3948.    8.854E-13
        3950.    9.531E-13
        3951.    9.727E-13
        3952.    1.018E-12
        3954.    9.974E-13
        3955.    9.437E-13
        3957.    9.187E-13
        3958.    8.769E-13
        3959.    6.946E-13
        3961.    5.758E-13
        3962.    5.585E-13
        3964.    5.732E-13
        3965.    5.146E-13
        3966.    4.493E-13
        3968.    3.888E-13
        3969.    3.918E-13
        3971.    4.933E-13
        3972.    6.231E-13
        3973.    7.292E-13
        3975.    8.449E-13
        3976.    9.290E-13
        3978.    9.789E-13
        3979.    1.119E-12
        3980.    1.074E-12
        3982.    1.101E-12
        3983.    1.229E-12
        3985.    1.408E-12
        3986.    1.402E-12
        3987.    1.401E-12
        3989.    1.421E-12
        3990.    1.459E-12
        3992.    1.429E-12
        3993.    1.360E-12
        3994.    1.307E-12
        3996.    1.307E-12
        3997.    1.365E-12
        3999.    1.643E-12
        4000.    1.879E-12
        4001.    1.943E-12
        4003.    1.858E-12
        4004.    1.712E-12
        4006.    1.657E-12
        4007.    1.719E-12
        4008.    1.789E-12
        4010.    1.805E-12
        4011.    1.849E-12
        4013.    1.961E-12
        4014.    2.029E-12
        4015.    1.986E-12
        4017.    1.892E-12
        4018.    1.869E-12
        4020.    1.849E-12
        4021.    1.766E-12
        4022.    1.721E-12
        4024.    1.758E-12
        4025.    1.874E-12
        4027.    1.957E-12
        4028.    1.913E-12
        4029.    1.708E-12
        4031.    1.442E-12
        4032.    1.371E-12
        4034.    1.527E-12
        4035.    1.823E-12
        4036.    2.102E-12
        4038.    2.131E-12
        4039.    1.991E-12
        4041.    1.919E-12
        4042.    1.796E-12
        4043.    1.610E-12
        4045.    1.551E-12
        4046.    1.662E-12
        4048.    1.867E-12
        4049.    2.079E-12
        4050.    2.193E-12
        4052.    2.143E-12
        4053.    1.979E-12
        4055.    1.830E-12
        4056.    1.790E-12
        4057.    1.774E-12
        4059.    1.851E-12
        4060.    1.820E-12
        4062.    1.686E-12
        4063.    1.667E-12
        4064.    1.706E-12
        4066.    1.777E-12
        4067.    1.830E-12
        4069.    1.807E-12
        4070.    1.720E-12
        4071.    1.765E-12
        4073.    1.795E-12
        4074.    1.693E-12
        4076.    1.521E-12
        4077.    1.482E-12
        4078.    1.623E-12
        4080.    1.873E-12
        4081.    2.014E-12
        4083.    2.032E-12
        4084.    2.112E-12
        4085.    2.272E-12
        4087.    2.477E-12
        4088.    2.582E-12
        4090.    2.557E-12
        4091.    2.488E-12
        4092.    2.393E-12
        4094.    2.253E-12
        4095.    2.132E-12
        4097.    2.036E-12
        4098.    1.886E-12
        4099.    1.662E-12
        4101.    1.612E-12
        4102.    1.838E-12
        4104.    2.051E-12
        4105.    2.209E-12
        4106.    2.249E-12
        4108.    2.113E-12
        4109.    1.954E-12
        4111.    1.935E-12
        4112.    1.974E-12
        4113.    2.040E-12
        4115.    2.091E-12
        4116.    2.056E-12
        4118.    1.953E-12
        4119.    1.828E-12
        4120.    1.900E-12
        4122.    2.014E-12
        4123.    2.133E-12
        4125.    2.230E-12
        4126.    2.223E-12
        4127.    2.066E-12
        4129.    1.927E-12
        4130.    1.810E-12
        4132.    1.730E-12
        4133.    1.833E-12
        4134.    2.005E-12
        4136.    2.113E-12
        4137.    2.106E-12
        4139.    2.122E-12
        4140.    1.997E-12
        4141.    1.844E-12
        4143.    1.742E-12
        4144.    1.846E-12
        4146.    1.999E-12
        4147.    2.020E-12
        4148.    1.966E-12
        4150.    1.965E-12
        4151.    2.007E-12
        4153.    2.064E-12
        4154.    2.140E-12
        4155.    2.223E-12
        4157.    2.404E-12
        4158.    2.497E-12
        4160.    2.536E-12
        4161.    2.589E-12
        4162.    2.448E-12
        4164.    2.263E-12
        4165.    2.227E-12
        4167.    2.248E-12
        4168.    2.261E-12
        4169.    2.193E-12
        4171.    2.025E-12
        4172.    1.889E-12
        4174.    1.849E-12
        4175.    1.909E-12
        4176.    1.998E-12
        4178.    2.060E-12
        4179.    2.149E-12
        4181.    2.256E-12
        4182.    2.384E-12
        4183.    2.488E-12
        4185.    2.500E-12
        4186.    2.454E-12
        4188.    2.405E-12
        4189.    2.337E-12
        4190.    2.382E-12
        4192.    2.467E-12
        4193.    2.445E-12
        4195.    2.240E-12
        4196.    2.060E-12
        4197.    1.968E-12
        4199.    1.954E-12
        4200.    1.926E-12
        4202.    1.974E-12
        4203.    2.051E-12
        4204.    2.180E-12
        4206.    2.403E-12
        4207.    2.627E-12
        4209.    2.746E-12
        4210.    2.739E-12
        4211.    2.547E-12
        4213.    2.364E-12
        4214.    2.324E-12
        4216.    2.427E-12
        4217.    2.613E-12
        4218.    2.787E-12
        4220.    2.727E-12
        4221.    2.501E-12
        4223.    2.132E-12
        4224.    1.674E-12
        4225.    1.484E-12
        4227.    1.604E-12
        4228.    1.917E-12
        4230.    2.271E-12
        4231.    2.309E-12
        4232.    2.240E-12
        4234.    2.249E-12
        4235.    2.359E-12
        4237.    2.423E-12
        4238.    2.500E-12
        4239.    2.719E-12
        4241.    3.089E-12
        4242.    3.483E-12
        4244.    3.529E-12
        4245.    3.273E-12
        4246.    2.986E-12
        4248.    2.745E-12
        4249.    2.574E-12
        4251.    2.457E-12
        4252.    2.390E-12
        4253.    2.334E-12
        4255.    2.416E-12
        4256.    2.606E-12
        4258.    2.672E-12
        4259.    2.709E-12
        4260.    2.853E-12
        4262.    3.225E-12
        4263.    3.605E-12
        4265.    3.778E-12
        4266.    3.648E-12
        4267.    3.233E-12
        4269.    2.823E-12
        4270.    2.411E-12
        4272.    2.158E-12
        4273.    2.179E-12
        4274.    2.488E-12
        4276.    2.913E-12
        4277.    3.213E-12
        4279.    3.227E-12
        4280.    3.006E-12
        4281.    2.868E-12
        4283.    2.858E-12
        4284.    2.837E-12
        4286.    2.606E-12
        4287.    2.374E-12
        4288.    2.177E-12
        4290.    2.094E-12
        4291.    2.267E-12
        4293.    2.513E-12
        4294.    2.678E-12
        4295.    2.753E-12
        4297.    2.697E-12
        4298.    2.396E-12
        4300.    2.274E-12
        4301.    2.317E-12
        4302.    2.430E-12
        4304.    2.458E-12
        4305.    2.371E-12
        4307.    2.399E-12
        4308.    2.622E-12
        4309.    3.131E-12
        4311.    3.489E-12
        4312.    3.664E-12
        4314.    3.899E-12
        4315.    4.355E-12
        4316.    4.693E-12
        4318.    4.659E-12
        4319.    4.435E-12
        4321.    4.227E-12
        4322.    3.997E-12
        4323.    3.595E-12
        4325.    3.406E-12
        4326.    3.723E-12
        4328.    4.244E-12
        4329.    4.541E-12
        4330.    4.643E-12
        4332.    4.815E-12
        4333.    4.979E-12
        4335.    4.767E-12
        4336.    4.069E-12
        4337.    3.454E-12
        4339.    3.153E-12
        4340.    3.355E-12
        4342.    3.855E-12
        4343.    4.176E-12
        4344.    4.356E-12
        4346.    4.570E-12
        4347.    4.900E-12
        4349.    4.913E-12
        4350.    4.529E-12
        4351.    4.262E-12
        4353.    4.465E-12
        4354.    5.085E-12
        4356.    5.327E-12
        4357.    5.153E-12
        4358.    4.826E-12
        4360.    4.796E-12
        4361.    5.233E-12
        4363.    5.594E-12
        4364.    5.727E-12
        4365.    5.459E-12
        4367.    5.075E-12
        4368.    4.920E-12
        4370.    4.902E-12
        4371.    4.811E-12
        4372.    4.333E-12
        4374.    4.151E-12
        4375.    4.415E-12
        4377.    4.904E-12
        4378.    4.983E-12
        4379.    4.522E-12
        4381.    3.902E-12
        4382.    3.376E-12
        4384.    3.282E-12
        4385.    3.615E-12
        4386.    3.798E-12
        4388.    3.799E-12
        4389.    3.756E-12
        4391.    3.952E-12
        4392.    4.173E-12
        4393.    4.353E-12
        4395.    4.633E-12
        4396.    4.948E-12
        4398.    4.787E-12
        4399.    4.535E-12
        4400.    4.559E-12
        4402.    4.471E-12
        4403.    3.958E-12
        4405.    3.419E-12
        4406.    3.343E-12
        4407.    3.625E-12
        4409.    4.279E-12
        4410.    4.901E-12
        4412.    4.923E-12
        4413.    4.568E-12
        4414.    4.235E-12
        4416.    4.209E-12
        4417.    4.438E-12
        4419.    4.493E-12
        4420.    4.395E-12
        4421.    4.332E-12
        4423.    4.460E-12
        4424.    4.519E-12
        4426.    4.465E-12
        4427.    4.400E-12
        4428.    4.397E-12
        4430.    4.529E-12
        4431.    4.469E-12
        4433.    4.171E-12
        4434.    3.880E-12
        4435.    4.162E-12
        4437.    4.926E-12
        4438.    5.199E-12
        4440.    5.064E-12
        4441.    4.521E-12
        4442.    4.270E-12
        4444.    4.594E-12
        4445.    5.029E-12
        4447.    5.403E-12
        4448.    5.418E-12
        4449.    5.165E-12
        4451.    4.907E-12
        4452.    4.576E-12
        4454.    4.162E-12
        4455.    3.980E-12
        4456.    3.824E-12
        4458.    3.638E-12
        4459.    3.478E-12
        4461.    3.681E-12
        4462.    4.174E-12
        4463.    4.464E-12
        4465.    4.461E-12
        4466.    4.304E-12
        4468.    4.271E-12
        4469.    4.430E-12
        4470.    4.774E-12
        4472.    5.328E-12
        4473.    5.835E-12
        4475.    6.245E-12
        4476.    6.405E-12
        4477.    6.137E-12
        4479.    5.599E-12
        4480.    5.282E-12
        4482.    5.547E-12
        4483.    6.146E-12
        4484.    6.636E-12
        4486.    6.599E-12
        4487.    5.983E-12
        4489.    5.543E-12
        4490.    5.637E-12
        4491.    5.684E-12
        4493.    5.377E-12
        4494.    4.998E-12
        4496.    5.101E-12
        4497.    5.600E-12
        4498.    6.103E-12
        4500.    6.475E-12
        4501.    7.035E-12
        4503.    7.575E-12
        4504.    7.619E-12
        4505.    7.352E-12
        4507.    7.109E-12
        4508.    7.071E-12
        4510.    6.883E-12
        4511.    6.620E-12
        4512.    6.446E-12
        4514.    6.455E-12
        4515.    6.542E-12
        4517.    6.549E-12
        4518.    6.694E-12
        4519.    7.049E-12
        4521.    6.669E-12
        4522.    6.147E-12
        4524.    5.703E-12
        4525.    5.276E-12
        4526.    4.937E-12
        4528.    4.963E-12
        4529.    5.172E-12
        4531.    5.276E-12
        4532.    5.120E-12
        4533.    4.875E-12
        4535.    5.647E-12
        4536.    6.371E-12
        4538.    6.413E-12
        4539.    5.961E-12
        4540.    5.972E-12
        4542.    6.072E-12
        4543.    6.014E-12
        4545.    5.968E-12
        4546.    5.924E-12
        4547.    5.907E-12
        4549.    6.015E-12
        4550.    5.899E-12
        4552.    5.551E-12
        4553.    5.334E-12
        4554.    5.909E-12
        4556.    6.842E-12
        4557.    7.303E-12
        4559.    7.317E-12
        4560.    7.074E-12
        4561.    6.650E-12
        4563.    6.471E-12
        4564.    6.887E-12
        4566.    7.447E-12
        4567.    7.691E-12
        4568.    7.396E-12
        4570.    7.158E-12
        4571.    7.244E-12
        4573.    7.229E-12
        4574.    7.111E-12
        4575.    6.949E-12
        4577.    6.563E-12
        4578.    6.424E-12
        4580.    6.671E-12
        4581.    6.994E-12
        4582.    6.998E-12
        4584.    7.190E-12
        4585.    7.553E-12
        4587.    7.831E-12
        4588.    7.763E-12
        4589.    7.327E-12
        4591.    6.929E-12
        4592.    6.691E-12
        4594.    6.664E-12
        4595.    6.812E-12
        4596.    6.827E-12
        4598.    6.767E-12
        4599.    6.615E-12
        4601.    6.551E-12
        4602.    6.602E-12
        4603.    6.487E-12
        4605.    7.002E-12
        4606.    8.022E-12
        4608.    8.851E-12
        4609.    9.095E-12
        4610.    9.013E-12
        4612.    8.952E-12
        4613.    9.046E-12
        4615.    9.257E-12
        4616.    9.447E-12
        4617.    9.337E-12
        4619.    9.314E-12
        4620.    9.401E-12
        4622.    9.371E-12
        4623.    9.240E-12
        4624.    8.834E-12
        4626.    8.451E-12
        4627.    8.453E-12
        4629.    8.743E-12
        4630.    8.940E-12
        4631.    8.422E-12
        4633.    7.672E-12
        4634.    7.341E-12
        4636.    7.146E-12
        4637.    6.990E-12
        4638.    6.987E-12
        4640.    7.391E-12
        4641.    7.710E-12
        4643.    7.347E-12
        4644.    6.900E-12
        4645.    6.695E-12
        4647.    6.861E-12
        4648.    7.251E-12
        4650.    7.600E-12
        4651.    7.727E-12
        4652.    7.553E-12
        4654.    7.364E-12
        4655.    7.770E-12
        4657.    8.974E-12
        4658.    9.726E-12
        4659.    9.667E-12
        4661.    9.050E-12
        4662.    8.564E-12
        4664.    8.135E-12
        4665.    7.333E-12
        4666.    6.939E-12
        4668.    7.140E-12
        4669.    7.808E-12
        4671.    8.228E-12
        4672.    8.152E-12
        4673.    8.231E-12
        4675.    8.386E-12
        4676.    8.544E-12
        4678.    8.424E-12
        4679.    7.917E-12
        4680.    7.942E-12
        4682.    8.205E-12
        4683.    8.405E-12
        4685.    8.213E-12
        4686.    8.012E-12
        4687.    8.213E-12
        4689.    8.355E-12
        4690.    8.463E-12
        4692.    8.770E-12
        4693.    9.350E-12
        4694.    9.802E-12
        4696.    9.543E-12
        4697.    9.074E-12
        4699.    8.774E-12
        4700.    8.637E-12
        4701.    8.639E-12
        4703.    8.746E-12
        4704.    8.599E-12
        4706.    8.225E-12
        4707.    8.031E-12
        4708.    8.284E-12
        4710.    8.933E-12
        4711.    9.096E-12
        4713.    8.671E-12
        4714.    8.523E-12
        4715.    8.947E-12
        4717.    9.685E-12
        4718.    1.013E-11
        4720.    1.011E-11
        4721.    9.964E-12
        4722.    9.899E-12
        4724.    9.902E-12
        4725.    9.363E-12
        4727.    8.254E-12
        4728.    7.957E-12
        4729.    8.117E-12
        4731.    8.461E-12
        4732.    8.819E-12
        4734.    9.163E-12
        4735.    9.643E-12
        4736.    9.750E-12
        4738.    9.626E-12
        4739.    9.339E-12
        4741.    9.008E-12
        4742.    9.117E-12
        4743.    9.453E-12
        4745.    9.894E-12
        4746.    1.021E-11
        4748.    1.039E-11
        4749.    1.062E-11
        4750.    1.026E-11
        4752.    9.908E-12
        4753.    9.685E-12
        4755.    9.579E-12
        4756.    9.444E-12
        4757.    9.099E-12
        4759.    9.087E-12
        4760.    8.724E-12
        4762.    8.266E-12
        4763.    7.944E-12
        4764.    7.938E-12
        4766.    8.385E-12
        4767.    8.851E-12
        4769.    9.023E-12
        4770.    8.994E-12
        4771.    9.137E-12
        4773.    9.726E-12
        4774.    1.022E-11
        4776.    1.038E-11
        4777.    1.010E-11
        4778.    9.643E-12
        4780.    9.162E-12
        4781.    8.549E-12
        4783.    8.330E-12
        4784.    8.469E-12
        4785.    8.551E-12
        4787.    8.633E-12
        4788.    8.800E-12
        4790.    9.233E-12
        4791.    9.793E-12
        4792.    1.049E-11
        4794.    1.082E-11
        4795.    1.021E-11
        4797.    9.473E-12
        4798.    9.105E-12
        4799.    9.531E-12
        4801.    1.024E-11
        4802.    1.005E-11
        4804.    9.482E-12
        4805.    9.083E-12
        4806.    9.031E-12
        4808.    9.140E-12
        4809.    9.497E-12
        4811.    9.677E-12
        4812.    9.719E-12
        4813.    9.640E-12
        4815.    9.680E-12
        4816.    9.946E-12
        4818.    1.032E-11
        4819.    1.036E-11
        4820.    1.018E-11
        4822.    9.935E-12
        4823.    9.827E-12
        4825.    1.002E-11
        4826.    9.866E-12
        4827.    9.738E-12
        4829.    9.688E-12
        4830.    9.513E-12
        4832.    9.383E-12
        4833.    9.830E-12
        4834.    1.013E-11
        4836.    1.008E-11
        4837.    9.761E-12
        4839.    9.380E-12
        4840.    9.551E-12
        4841.    9.781E-12
        4843.    1.006E-11
        4844.    1.021E-11
        4846.    1.013E-11
        4847.    9.701E-12
        4848.    9.465E-12
        4850.    9.498E-12
        4851.    9.537E-12
        4853.    9.470E-12
        4854.    9.226E-12
        4855.    9.158E-12
        4857.    9.035E-12
        4858.    8.502E-12
        4860.    7.852E-12
        4861.    7.577E-12
        4862.    7.961E-12
        4864.    8.404E-12
        4865.    8.609E-12
        4867.    8.869E-12
        4868.    9.036E-12
        4869.    8.835E-12
        4871.    8.592E-12
        4872.    8.671E-12
        4874.    8.879E-12
        4875.    9.114E-12
        4876.    9.445E-12
        4878.    9.818E-12
        4879.    9.651E-12
        4881.    9.018E-12
        4882.    8.545E-12
        4883.    8.564E-12
        4885.    8.756E-12
        4886.    8.879E-12
        4888.    8.936E-12
        4889.    8.868E-12
        4890.    8.839E-12
        4892.    9.775E-12
        4893.    1.098E-11
        4895.    1.194E-11
        4896.    1.236E-11
        4897.    1.222E-11
        4899.    1.146E-11
        4900.    1.103E-11
        4902.    1.084E-11
        4903.    1.085E-11
        4904.    1.135E-11
        4906.    1.143E-11
        4907.    1.106E-11
        4909.    1.066E-11
        4910.    1.060E-11
        4911.    1.095E-11
        4913.    1.124E-11
        4914.    1.175E-11
        4916.    1.164E-11
        4917.    1.082E-11
        4918.    9.817E-12
        4920.    9.358E-12
        4921.    9.689E-12
        4923.    1.015E-11
        4924.    1.060E-11
        4925.    1.124E-11
        4927.    1.196E-11
        4928.    1.259E-11
        4930.    1.279E-11
        4931.    1.220E-11
        4932.    1.141E-11
        4934.    1.113E-11
        4935.    1.081E-11
        4937.    1.023E-11
        4938.    1.019E-11
        4939.    1.082E-11
        4941.    1.157E-11
        4942.    1.223E-11
        4944.    1.260E-11
        4945.    1.243E-11
        4946.    1.288E-11
        4948.    1.338E-11
        4949.    1.373E-11
        4951.    1.353E-11
        4952.    1.276E-11
        4953.    1.161E-11
        4955.    1.001E-11
        4956.    9.154E-12
        4958.    9.274E-12
        4959.    9.871E-12
        4960.    1.024E-11
        4962.    1.005E-11
        4963.    9.442E-12
        4965.    9.005E-12
        4966.    9.139E-12
        4967.    9.749E-12
        4969.    1.021E-11
        4970.    1.048E-11
        4972.    1.077E-11
        4973.    1.108E-11
        4974.    1.110E-11
        4976.    1.078E-11
        4977.    1.023E-11
        4979.    9.615E-12
        4980.    9.076E-12
        4981.    8.795E-12
        4983.    9.027E-12
        4984.    9.617E-12
        4986.    1.003E-11
        4987.    1.003E-11
        4988.    1.006E-11
        4990.    1.042E-11
        4991.    1.060E-11
        4993.    1.043E-11
        4994.    1.026E-11
        4995.    1.024E-11
        4997.    9.784E-12
        4998.    9.298E-12
        5000.    9.297E-12
        5001.    9.432E-12
        5002.    9.391E-12
        5004.    9.216E-12
        5005.    9.247E-12
        5007.    9.687E-12
        5008.    9.714E-12
        5009.    9.250E-12
        5011.    8.427E-12
        5012.    7.672E-12
        5014.    7.443E-12
        5015.    8.195E-12
        5016.    8.900E-12
        5018.    9.389E-12
        5019.    9.645E-12
        5021.    9.813E-12
        5022.    1.008E-11
        5023.    1.030E-11
        5025.    1.032E-11
        5026.    1.036E-11
        5028.    1.088E-11
        5029.    1.169E-11
        5030.    1.217E-11
        5032.    1.206E-11
        5033.    1.116E-11
        5035.    1.011E-11
        5036.    9.430E-12
        5037.    8.529E-12
        5039.    7.977E-12
        5040.    8.571E-12
        5042.    1.018E-11
        5043.    1.201E-11
        5044.    1.324E-11
        5046.    1.287E-11
        5047.    1.181E-11
        5049.    1.101E-11
        5050.    1.101E-11
        5051.    1.162E-11
        5053.    1.257E-11
        5054.    1.300E-11
        5056.    1.283E-11
        5057.    1.256E-11
        5058.    1.267E-11
        5060.    1.314E-11
        5061.    1.278E-11
        5063.    1.140E-11
        5064.    1.072E-11
        5065.    1.081E-11
        5067.    1.121E-11
        5068.    1.163E-11
        5070.    1.164E-11
        5071.    1.157E-11
        5072.    1.162E-11
        5074.    1.150E-11
        5075.    1.106E-11
        5077.    1.038E-11
        5078.    9.574E-12
        5079.    9.337E-12
        5081.    1.001E-11
        5082.    1.079E-11
        5084.    1.134E-11
        5085.    1.158E-11
        5086.    1.173E-11
        5088.    1.204E-11
        5089.    1.221E-11
        5091.    1.255E-11
        5092.    1.268E-11
        5093.    1.246E-11
        5095.    1.194E-11
        5096.    1.142E-11
        5098.    1.128E-11
        5099.    1.171E-11
        5100.    1.218E-11
        5102.    1.230E-11
        5103.    1.190E-11
        5105.    1.129E-11
        5106.    1.058E-11
        5107.    1.011E-11
        5109.    1.004E-11
        5110.    1.049E-11
        5112.    1.112E-11
        5113.    1.188E-11
        5114.    1.252E-11
        5116.    1.286E-11
        5117.    1.282E-11
        5119.    1.232E-11
        5120.    1.113E-11
        5121.    1.024E-11
        5123.    1.008E-11
        5124.    1.007E-11
        5126.    1.008E-11
        5127.    1.037E-11
        5128.    1.081E-11
        5130.    1.122E-11
        5131.    1.178E-11
        5133.    1.223E-11
        5134.    1.228E-11
        5135.    1.180E-11
        5137.    1.156E-11
        5138.    1.156E-11
        5140.    1.108E-11
        5141.    1.046E-11
        5142.    1.022E-11
        5144.    1.023E-11
        5145.    9.908E-12
        5147.    1.004E-11
        5148.    1.017E-11
        5149.    1.001E-11
        5151.    1.003E-11
        5152.    1.079E-11
        5154.    1.177E-11
        5155.    1.270E-11
        5156.    1.312E-11
        5158.    1.274E-11
        5159.    1.241E-11
        5161.    1.198E-11
        5162.    1.107E-11
        5163.    9.555E-12
        5165.    7.761E-12
        5166.    6.966E-12
        5168.    7.098E-12
        5169.    7.190E-12
        5170.    7.001E-12
        5172.    7.186E-12
        5173.    8.089E-12
        5175.    9.057E-12
        5176.    9.686E-12
        5177.    9.982E-12
        5179.    9.782E-12
        5180.    9.089E-12
        5182.    8.524E-12
        5183.    8.852E-12
        5184.    9.777E-12
        5186.    1.071E-11
        5187.    1.096E-11
        5189.    1.046E-11
        5190.    9.492E-12
        5191.    8.825E-12
        5193.    8.921E-12
        5194.    9.932E-12
        5196.    1.076E-11
        5197.    1.110E-11
        5198.    1.114E-11
        5200.    1.091E-11
        5201.    1.026E-11
        5203.    9.307E-12
        5204.    8.498E-12
        5205.    8.158E-12
        5207.    8.323E-12
        5208.    8.669E-12
        5210.    9.717E-12
        5211.    1.089E-11
        5212.    1.156E-11
        5214.    1.161E-11
        5215.    1.146E-11
        5217.    1.154E-11
        5218.    1.173E-11
        5219.    1.181E-11
        5221.    1.156E-11
        5222.    1.069E-11
        5224.    9.675E-12
        5225.    9.526E-12
        5226.    1.047E-11
        5228.    1.207E-11
        5229.    1.331E-11
        5231.    1.337E-11
        5232.    1.299E-11
        5233.    1.281E-11
        5235.    1.322E-11
        5236.    1.381E-11
        5238.    1.358E-11
        5239.    1.338E-11
        5240.    1.339E-11
        5242.    1.358E-11
        5243.    1.373E-11
        5245.    1.207E-11
        5246.    1.091E-11
        5247.    1.015E-11
        5249.    9.715E-12
        5250.    9.722E-12
        5252.    1.032E-11
        5253.    1.096E-11
        5254.    1.166E-11
        5256.    1.277E-11
        5257.    1.363E-11
        5259.    1.348E-11
        5260.    1.254E-11
        5261.    1.125E-11
        5263.    1.003E-11
        5264.    9.741E-12
        5266.    9.987E-12
        5267.    1.011E-11
        5268.    1.008E-11
        5270.    1.052E-11
        5271.    1.148E-11
        5273.    1.218E-11
        5274.    1.260E-11
        5275.    1.320E-11
        5277.    1.398E-11
        5278.    1.426E-11
        5280.    1.411E-11
        5281.    1.359E-11
        5282.    1.333E-11
        5284.    1.413E-11
        5285.    1.509E-11
        5287.    1.536E-11
        5288.    1.532E-11
        5289.    1.524E-11
        5291.    1.511E-11
        5292.    1.473E-11
        5294.    1.385E-11
        5295.    1.264E-11
        5296.    1.157E-11
        5298.    1.173E-11
        5299.    1.232E-11
        5301.    1.312E-11
        5302.    1.420E-11
        5303.    1.534E-11
        5305.    1.592E-11
        5306.    1.604E-11
        5308.    1.597E-11
        5309.    1.608E-11
        5310.    1.585E-11
        5312.    1.546E-11
        5313.    1.520E-11
        5315.    1.498E-11
        5316.    1.488E-11
        5317.    1.484E-11
        5319.    1.475E-11
        5320.    1.460E-11
        5322.    1.438E-11
        5323.    1.405E-11
        5324.    1.338E-11
        5326.    1.246E-11
        5327.    1.165E-11
        5329.    1.165E-11
        5330.    1.293E-11
        5331.    1.409E-11
        5333.    1.499E-11
        5334.    1.547E-11
        5336.    1.529E-11
        5337.    1.495E-11
        5338.    1.426E-11
        5340.    1.384E-11
        5341.    1.403E-11
        5343.    1.453E-11
        5344.    1.453E-11
        5345.    1.437E-11
        5347.    1.422E-11
        5348.    1.413E-11
        5350.    1.513E-11
        5351.    1.635E-11
        5352.    1.739E-11
        5354.    1.799E-11
        5355.    1.821E-11
        5357.    1.811E-11
        5358.    1.787E-11
        5359.    1.745E-11
        5361.    1.667E-11
        5362.    1.607E-11
        5364.    1.589E-11
        5365.    1.572E-11
        5366.    1.541E-11
        5368.    1.463E-11
        5369.    1.383E-11
        5371.    1.402E-11
        5372.    1.521E-11
        5373.    1.649E-11
        5375.    1.681E-11
        5376.    1.691E-11
        5378.    1.684E-11
        5379.    1.670E-11
        5380.    1.642E-11
        5382.    1.585E-11
        5383.    1.555E-11
        5385.    1.530E-11
        5386.    1.495E-11
        5387.    1.464E-11
        5389.    1.419E-11
        5390.    1.409E-11
        5392.    1.418E-11
        5393.    1.395E-11
        5394.    1.329E-11
        5396.    1.305E-11
        5397.    1.337E-11
        5399.    1.429E-11
        5400.    1.487E-11
        5401.    1.468E-11
        5403.    1.387E-11
        5404.    1.257E-11
        5406.    1.242E-11
        5407.    1.263E-11
        5408.    1.287E-11
        5410.    1.369E-11
        5411.    1.496E-11
        5413.    1.595E-11
        5414.    1.654E-11
        5415.    1.703E-11
        5417.    1.712E-11
        5418.    1.673E-11
        5420.    1.642E-11
        5421.    1.658E-11
        5422.    1.653E-11
        5424.    1.640E-11
        5425.    1.644E-11
        5427.    1.609E-11
        5428.    1.544E-11
        5429.    1.465E-11
        5431.    1.412E-11
        5432.    1.364E-11
        5434.    1.334E-11
        5435.    1.372E-11
        5436.    1.501E-11
        5438.    1.641E-11
        5439.    1.741E-11
        5441.    1.792E-11
        5442.    1.795E-11
        5443.    1.714E-11
        5445.    1.534E-11
        5446.    1.406E-11
        5448.    1.372E-11
        5449.    1.407E-11
        5450.    1.434E-11
        5452.    1.396E-11
        5453.    1.330E-11
        5455.    1.277E-11
        5456.    1.334E-11
        5457.    1.409E-11
        5459.    1.423E-11
        5460.    1.409E-11
        5462.    1.421E-11
        5463.    1.456E-11
        5464.    1.477E-11
        5466.    1.493E-11
        5467.    1.486E-11
        5469.    1.455E-11
        5470.    1.404E-11
        5471.    1.357E-11
        5473.    1.336E-11
        5474.    1.333E-11
        5476.    1.330E-11
        5477.    1.398E-11
        5478.    1.428E-11
        5480.    1.412E-11
        5481.    1.388E-11
        5483.    1.459E-11
        5484.    1.510E-11
        5485.    1.525E-11
        5487.    1.490E-11
        5488.    1.481E-11
        5490.    1.496E-11
        5491.    1.507E-11
        5492.    1.501E-11
        5494.    1.518E-11
        5495.    1.492E-11
        5497.    1.493E-11
        5498.    1.528E-11
        5499.    1.516E-11
        5501.    1.475E-11
        5502.    1.461E-11
        5504.    1.457E-11
        5505.    1.437E-11
        5506.    1.444E-11
        5508.    1.470E-11
        5509.    1.469E-11
        5511.    1.410E-11
        5512.    1.353E-11
        5513.    1.366E-11
        5515.    1.429E-11
        5516.    1.537E-11
        5518.    1.645E-11
        5519.    1.694E-11
        5520.    1.677E-11
        5522.    1.673E-11
        5523.    1.673E-11
        5525.    1.654E-11
        5526.    1.611E-11
        5527.    1.578E-11
        5529.    1.604E-11
        5530.    1.656E-11
        5532.    1.624E-11
        5533.    1.586E-11
        5534.    1.594E-11
        5536.    1.619E-11
        5537.    1.656E-11
        5539.    1.714E-11
        5540.    1.738E-11
        5541.    1.724E-11
        5543.    1.679E-11
        5544.    1.658E-11
        5546.    1.684E-11
        5547.    1.734E-11
        5548.    1.791E-11
        5550.    1.777E-11
        5551.    1.750E-11
        5553.    1.735E-11
        5554.    1.721E-11
        5555.    1.721E-11
        5557.    1.713E-11
        5558.    1.691E-11
        5560.    1.673E-11
        5561.    1.673E-11
        5562.    1.660E-11
        5564.    1.618E-11
        5565.    1.597E-11
        5567.    1.599E-11
        5568.    1.612E-11
        5569.    1.628E-11
        5571.    1.656E-11
        5572.    1.675E-11
        5574.    1.699E-11
        5575.    1.720E-11
        5576.    1.714E-11
        5578.    1.712E-11
        5579.    1.710E-11
        5581.    1.700E-11
        5582.    1.679E-11
        5583.    1.629E-11
        5585.    1.558E-11
        5586.    1.476E-11
        5588.    1.442E-11
        5589.    1.471E-11
        5590.    1.500E-11
        5592.    1.519E-11
        5593.    1.544E-11
        5595.    1.613E-11
        5596.    1.625E-11
        5597.    1.582E-11
        5599.    1.529E-11
        5600.    1.501E-11
        5602.    1.515E-11
        5603.    1.564E-11
        5604.    1.636E-11
        5606.    1.708E-11
        5607.    1.744E-11
        5609.    1.738E-11
        5610.    1.729E-11
        5611.    1.736E-11
        5613.    1.689E-11
        5614.    1.576E-11
        5616.    1.538E-11
        5617.    1.524E-11
        5618.    1.532E-11
        5620.    1.567E-11
        5621.    1.585E-11
        5623.    1.548E-11
        5624.    1.504E-11
        5625.    1.517E-11
        5627.    1.544E-11
        5628.    1.583E-11
        5630.    1.612E-11
        5631.    1.639E-11
        5632.    1.653E-11
        5634.    1.629E-11
        5635.    1.577E-11
        5637.    1.530E-11
        5638.    1.505E-11
        5639.    1.500E-11
        5641.    1.525E-11
        5642.    1.568E-11
        5644.    1.617E-11
        5645.    1.624E-11
        5646.    1.624E-11
        5648.    1.639E-11
        5649.    1.667E-11
        5651.    1.697E-11
        5652.    1.727E-11
        5653.    1.718E-11
        5655.    1.649E-11
        5656.    1.560E-11
        5658.    1.511E-11
        5659.    1.518E-11
        5660.    1.525E-11
        5662.    1.539E-11
        5663.    1.580E-11
        5665.    1.621E-11
        5666.    1.591E-11
        5667.    1.567E-11
        5669.    1.570E-11
        5670.    1.625E-11
        5672.    1.732E-11
        5673.    1.791E-11
        5674.    1.817E-11
        5676.    1.813E-11
        5677.    1.774E-11
        5679.    1.748E-11
        5680.    1.712E-11
        5681.    1.696E-11
        5683.    1.708E-11
        5684.    1.736E-11
        5686.    1.704E-11
        5687.    1.667E-11
        5688.    1.687E-11
        5690.    1.781E-11
        5691.    1.846E-11
        5693.    1.847E-11
        5694.    1.817E-11
        5695.    1.795E-11
        5697.    1.742E-11
        5698.    1.673E-11
        5700.    1.616E-11
        5701.    1.569E-11
        5702.    1.575E-11
        5704.    1.597E-11
        5705.    1.569E-11
        5707.    1.514E-11
        5708.    1.485E-11
        5709.    1.511E-11
        5711.    1.574E-11
        5712.    1.659E-11
        5714.    1.755E-11
        5715.    1.823E-11
        5716.    1.834E-11
        5718.    1.833E-11
        5719.    1.858E-11
        5721.    1.891E-11
        5722.    1.910E-11
        5723.    1.872E-11
        5725.    1.770E-11
        5726.    1.718E-11
        5728.    1.725E-11
        5729.    1.762E-11
        5730.    1.762E-11
        5732.    1.804E-11
        5733.    1.844E-11
        5735.    1.846E-11
        5736.    1.799E-11
        5737.    1.801E-11
        5739.    1.802E-11
        5740.    1.786E-11
        5742.    1.773E-11
        5743.    1.808E-11
        5744.    1.845E-11
        5746.    1.826E-11
        5747.    1.765E-11
        5749.    1.786E-11
        5750.    1.826E-11
        5751.    1.777E-11
        5753.    1.736E-11
        5754.    1.775E-11
        5756.    1.877E-11
        5757.    1.906E-11
        5758.    1.812E-11
        5760.    1.738E-11
        5761.    1.726E-11
        5763.    1.794E-11
        5764.    1.901E-11
        5765.    1.959E-11
        5767.    1.960E-11
        5768.    1.924E-11
        5770.    1.878E-11
        5771.    1.877E-11
        5772.    1.868E-11
        5774.    1.868E-11
        5775.    1.853E-11
        5777.    1.831E-11
        5778.    1.744E-11
        5779.    1.626E-11
        5781.    1.537E-11
        5782.    1.527E-11
        5784.    1.525E-11
        5785.    1.613E-11
        5786.    1.698E-11
        5788.    1.746E-11
        5789.    1.773E-11
        5791.    1.797E-11
        5792.    1.865E-11
        5793.    1.919E-11
        5795.    1.900E-11
        5796.    1.819E-11
        5798.    1.869E-11
        5799.    2.012E-11
        5800.    2.058E-11
        5802.    2.026E-11
        5803.    1.937E-11
        5805.    1.883E-11
        5806.    1.916E-11
        5807.    1.968E-11
        5809.    1.989E-11
        5810.    1.990E-11
        5812.    1.962E-11
        5813.    1.905E-11
        5814.    1.884E-11
        5816.    1.918E-11
        5817.    1.991E-11
        5819.    2.032E-11
        5820.    2.020E-11
        5821.    1.983E-11
        5823.    1.970E-11
        5824.    1.977E-11
        5826.    1.988E-11
        5827.    2.010E-11
        5828.    2.016E-11
        5830.    2.014E-11
        5831.    1.996E-11
        5833.    1.949E-11
        5834.    1.963E-11
        5835.    1.985E-11
        5837.    1.999E-11
        5838.    2.017E-11
        5840.    2.043E-11
        5841.    2.071E-11
        5842.    2.060E-11
        5844.    2.009E-11
        5845.    1.951E-11
        5847.    1.920E-11
        5848.    1.895E-11
        5849.    1.828E-11
        5851.    1.750E-11
        5852.    1.706E-11
        5854.    1.725E-11
        5855.    1.738E-11
        5856.    1.718E-11
        5858.    1.774E-11
        5859.    1.821E-11
        5861.    1.837E-11
        5862.    1.805E-11
        5863.    1.780E-11
        5865.    1.742E-11
        5866.    1.761E-11
        5868.    1.823E-11
        5869.    1.905E-11
        5870.    1.873E-11
        5872.    1.845E-11
        5873.    1.834E-11
        5875.    1.804E-11
        5876.    1.720E-11
        5877.    1.652E-11
        5879.    1.623E-11
        5880.    1.655E-11
        5882.    1.689E-11
        5883.    1.664E-11
        5884.    1.644E-11
        5886.    1.511E-11
        5887.    1.232E-11
        5889.    1.042E-11
        5890.    1.065E-11
        5891.    1.172E-11
        5893.    1.119E-11
        5894.    1.026E-11
        5896.    1.100E-11
        5897.    1.264E-11
        5898.    1.412E-11
        5900.    1.510E-11
        5901.    1.591E-11
        5903.    1.618E-11
        5904.    1.629E-11
        5905.    1.665E-11
        5907.    1.706E-11
        5908.    1.740E-11
        5910.    1.746E-11
        5911.    1.680E-11
        5912.    1.616E-11
        5914.    1.587E-11
        5915.    1.607E-11
        5917.    1.634E-11
        5918.    1.648E-11
        5919.    1.658E-11
        5921.    1.658E-11
        5922.    1.665E-11
        5924.    1.669E-11
        5925.    1.724E-11
        5926.    1.751E-11
        5928.    1.749E-11
        5929.    1.747E-11
        5931.    1.738E-11
        5932.    1.698E-11
        5933.    1.672E-11
        5935.    1.693E-11
        5936.    1.722E-11
        5938.    1.713E-11
        5939.    1.674E-11
        5940.    1.674E-11
        5942.    1.694E-11
        5943.    1.739E-11
        5945.    1.782E-11
        5946.    1.738E-11
        5947.    1.677E-11
        5949.    1.663E-11
        5950.    1.662E-11
        5952.    1.632E-11
        5953.    1.599E-11
        5954.    1.570E-11
        5956.    1.580E-11
        5957.    1.668E-11
        5959.    1.786E-11
        5960.    1.855E-11
        5961.    1.821E-11
        5963.    1.775E-11
        5964.    1.763E-11
        5966.    1.791E-11
        5967.    1.864E-11
        5968.    1.915E-11
        5970.    1.919E-11
        5971.    1.891E-11
        5973.    1.835E-11
        5974.    1.802E-11
        5975.    1.751E-11
        5977.    1.757E-11
        5978.    1.793E-11
        5980.    1.787E-11
        5981.    1.740E-11
        5982.    1.707E-11
        5984.    1.773E-11
        5985.    1.824E-11
        5987.    1.830E-11
        5988.    1.841E-11
        5989.    1.838E-11
        5991.    1.866E-11
        5992.    1.914E-11
        5994.    1.919E-11
        5995.    1.885E-11
        5996.    1.832E-11
        5998.    1.799E-11
        5999.    1.774E-11
        6001.    1.776E-11
        6002.    1.835E-11
        6003.    1.816E-11
        6005.    1.764E-11
        6006.    1.731E-11
        6008.    1.766E-11
        6009.    1.817E-11
        6010.    1.770E-11
        6012.    1.767E-11
        6013.    1.755E-11
        6015.    1.744E-11
        6016.    1.738E-11
        6017.    1.758E-11
        6019.    1.790E-11
        6020.    1.812E-11
        6022.    1.824E-11
        6023.    1.827E-11
        6024.    1.847E-11
        6026.    1.875E-11
        6027.    1.907E-11
        6029.    1.887E-11
        6030.    1.889E-11
        6031.    1.941E-11
        6033.    1.974E-11
        6034.    1.982E-11
        6036.    1.971E-11
        6037.    1.931E-11
        6038.    1.921E-11
        6040.    1.935E-11
        6041.    1.955E-11
        6043.    2.020E-11
        6044.    2.053E-11
        6045.    2.039E-11
        6047.    2.049E-11
        6048.    2.041E-11
        6050.    2.022E-11
        6051.    2.017E-11
        6052.    1.972E-11
        6054.    1.929E-11
        6055.    1.900E-11
        6057.    1.888E-11
        6058.    1.911E-11
        6059.    1.945E-11
        6061.    1.928E-11
        6062.    1.878E-11
        6064.    1.851E-11
        6065.    1.926E-11
        6066.    2.058E-11
        6068.    2.150E-11
        6069.    2.162E-11
        6071.    2.194E-11
        6072.    2.180E-11
        6073.    2.112E-11
        6075.    2.060E-11
        6076.    2.026E-11
        6078.    2.008E-11
        6079.    1.962E-11
        6080.    1.910E-11
        6082.    1.898E-11
        6083.    1.898E-11
        6085.    1.909E-11
        6086.    1.950E-11
        6087.    1.954E-11
        6089.    1.901E-11
        6090.    1.883E-11
        6092.    1.909E-11
        6093.    1.948E-11
        6094.    1.961E-11
        6096.    1.991E-11
        6097.    2.023E-11
        6099.    2.028E-11
        6100.    1.955E-11
        6101.    1.875E-11
        6103.    1.864E-11
        6104.    1.910E-11
        6106.    1.964E-11
        6107.    1.941E-11
        6108.    1.982E-11
        6110.    1.990E-11
        6111.    2.020E-11
        6113.    2.062E-11
        6114.    2.061E-11
        6115.    2.067E-11
        6117.    2.048E-11
        6118.    1.914E-11
        6120.    1.810E-11
        6121.    1.840E-11
        6122.    1.941E-11
        6124.    1.960E-11
        6125.    1.890E-11
        6127.    1.816E-11
        6128.    1.859E-11
        6129.    1.971E-11
        6131.    2.022E-11
        6132.    1.944E-11
        6134.    1.759E-11
        6135.    1.591E-11
        6136.    1.610E-11
        6138.    1.754E-11
        6139.    1.821E-11
        6141.    1.819E-11
        6142.    1.873E-11
        6143.    1.983E-11
        6145.    2.025E-11
        6146.    1.971E-11
        6148.    1.893E-11
        6149.    1.840E-11
        6150.    1.850E-11
        6152.    1.887E-11
        6153.    1.910E-11
        6155.    1.896E-11
        6156.    1.881E-11
        6157.    1.771E-11
        6159.    1.629E-11
        6160.    1.492E-11
        6162.    1.422E-11
        6163.    1.483E-11
        6164.    1.556E-11
        6166.    1.627E-11
        6167.    1.604E-11
        6169.    1.578E-11
        6170.    1.590E-11
        6171.    1.639E-11
        6173.    1.615E-11
        6174.    1.620E-11
        6176.    1.634E-11
        6177.    1.652E-11
        6178.    1.676E-11
        6180.    1.708E-11
        6181.    1.737E-11
        6183.    1.735E-11
        6184.    1.692E-11
        6185.    1.613E-11
        6187.    1.530E-11
        6188.    1.454E-11
        6190.    1.408E-11
        6191.    1.423E-11
        6192.    1.502E-11
        6194.    1.583E-11
        6195.    1.619E-11
        6197.    1.613E-11
        6198.    1.573E-11
        6199.    1.553E-11
        6201.    1.592E-11
        6202.    1.651E-11
        6204.    1.678E-11
        6205.    1.676E-11
        6206.    1.697E-11
        6208.    1.689E-11
        6209.    1.633E-11
        6211.    1.567E-11
        6212.    1.456E-11
        6213.    1.385E-11
        6215.    1.369E-11
        6216.    1.388E-11
        6218.    1.422E-11
        6219.    1.408E-11
        6220.    1.409E-11
        6222.    1.415E-11
        6223.    1.430E-11
        6225.    1.441E-11
        6226.    1.491E-11
        6227.    1.450E-11
        6229.    1.355E-11
        6230.    1.322E-11
        6232.    1.380E-11
        6233.    1.473E-11
        6234.    1.544E-11
        6236.    1.562E-11
        6237.    1.477E-11
        6239.    1.370E-11
        6240.    1.341E-11
        6241.    1.354E-11
        6243.    1.358E-11
        6244.    1.396E-11
        6246.    1.473E-11
        6247.    1.543E-11
        6248.    1.547E-11
        6250.    1.492E-11
        6251.    1.448E-11
        6253.    1.432E-11
        6254.    1.397E-11
        6255.    1.310E-11
        6257.    1.274E-11
        6258.    1.366E-11
        6260.    1.471E-11
        6261.    1.561E-11
        6262.    1.616E-11
        6264.    1.584E-11
        6265.    1.544E-11
        6267.    1.543E-11
        6268.    1.559E-11
        6269.    1.592E-11
        6271.    1.617E-11
        6272.    1.622E-11
        6274.    1.607E-11
        6275.    1.593E-11
        6276.    1.571E-11
        6278.    1.511E-11
        6279.    1.418E-11
        6281.    1.419E-11
        6282.    1.460E-11
        6283.    1.505E-11
        6285.    1.574E-11
        6286.    1.677E-11
        6288.    1.801E-11
        6289.    1.822E-11
        6290.    1.769E-11
        6292.    1.721E-11
        6293.    1.686E-11
        6295.    1.617E-11
        6296.    1.583E-11
        6297.    1.630E-11
        6299.    1.687E-11
        6300.    1.728E-11
        6302.    1.742E-11
        6303.    1.740E-11
        6304.    1.760E-11
        6306.    1.815E-11
        6307.    1.859E-11
        6309.    1.840E-11
        6310.    1.786E-11
        6311.    1.781E-11
        6313.    1.808E-11
        6314.    1.785E-11
        6316.    1.763E-11
        6317.    1.757E-11
        6318.    1.781E-11
        6320.    1.826E-11
        6321.    1.840E-11
        6323.    1.857E-11
        6324.    1.874E-11
        6325.    1.902E-11
        6327.    1.924E-11
        6328.    1.962E-11
        6330.    1.970E-11
        6331.    1.964E-11
        6332.    1.917E-11
        6334.    1.796E-11
        6335.    1.822E-11
        6337.    1.874E-11
        6338.    1.921E-11
        6339.    1.946E-11
        6341.    1.974E-11
        6342.    1.876E-11
        6344.    1.843E-11
        6345.    1.872E-11
        6346.    1.920E-11
        6348.    1.964E-11
        6349.    2.000E-11
        6351.    1.987E-11
        6352.    1.924E-11
        6353.    1.858E-11
        6355.    1.828E-11
        6356.    1.731E-11
        6358.    1.629E-11
        6359.    1.621E-11
        6360.    1.663E-11
        6362.    1.685E-11
        6363.    1.723E-11
        6365.    1.823E-11
        6366.    1.915E-11
        6367.    1.982E-11
        6369.    2.035E-11
        6370.    2.079E-11
        6372.    2.097E-11
        6373.    2.096E-11
        6374.    2.085E-11
        6376.    2.046E-11
        6377.    1.969E-11
        6379.    1.931E-11
        6380.    1.966E-11
        6381.    1.995E-11
        6383.    2.006E-11
        6384.    2.003E-11
        6386.    2.049E-11
        6387.    2.034E-11
        6388.    2.014E-11
        6390.    1.964E-11
        6391.    1.897E-11
        6393.    1.875E-11
        6394.    1.993E-11
        6395.    2.086E-11
        6397.    2.080E-11
        6398.    1.985E-11
        6400.    1.933E-11
        6401.    2.079E-11
        6402.    2.203E-11
        6404.    2.231E-11
        6405.    2.178E-11
        6407.    2.125E-11
        6408.    2.114E-11
        6409.    2.081E-11
        6411.    2.045E-11
        6412.    2.035E-11
        6414.    2.086E-11
        6415.    2.133E-11
        6416.    2.111E-11
        6418.    2.040E-11
        6419.    1.948E-11
        6421.    1.970E-11
        6422.    2.079E-11
        6423.    2.122E-11
        6425.    2.156E-11
        6426.    2.184E-11
        6428.    2.123E-11
        6429.    1.993E-11
        6430.    1.983E-11
        6432.    2.031E-11
        6433.    2.088E-11
        6435.    2.107E-11
        6436.    2.116E-11
        6437.    2.103E-11
        6439.    2.129E-11
        6440.    2.291E-11
        6442.    2.331E-11
        6443.    2.286E-11
        6444.    2.263E-11
        6446.    2.208E-11
        6447.    2.076E-11
        6449.    1.907E-11
        6450.    1.913E-11
        6451.    2.031E-11
        6453.    2.128E-11
        6454.    2.130E-11
        6456.    2.160E-11
        6457.    2.233E-11
        6458.    2.262E-11
        6460.    2.216E-11
        6461.    2.095E-11
        6463.    2.059E-11
        6464.    2.104E-11
        6465.    2.171E-11
        6467.    2.252E-11
        6468.    2.234E-11
        6470.    2.160E-11
        6471.    2.121E-11
        6472.    2.097E-11
        6474.    2.073E-11
        6475.    2.082E-11
        6477.    2.131E-11
        6478.    2.150E-11
        6479.    2.075E-11
        6481.    1.948E-11
        6482.    1.935E-11
        6484.    1.988E-11
        6485.    2.031E-11
        6486.    2.025E-11
        6488.    2.035E-11
        6489.    1.998E-11
        6491.    1.918E-11
        6492.    1.785E-11
        6493.    1.613E-11
        6495.    1.543E-11
        6496.    1.549E-11
        6498.    1.621E-11
        6499.    1.766E-11
        6500.    1.923E-11
        6502.    1.977E-11
        6503.    2.024E-11
        6505.    2.059E-11
        6506.    2.040E-11
        6507.    2.039E-11
        6509.    2.078E-11
        6510.    2.142E-11
        6512.    2.181E-11
        6513.    2.162E-11
        6514.    2.117E-11
        6516.    2.082E-11
        6517.    2.102E-11
        6519.    2.183E-11
        6520.    2.223E-11
        6521.    2.233E-11
        6523.    2.237E-11
        6524.    2.214E-11
        6526.    2.179E-11
        6527.    2.190E-11
        6528.    2.223E-11
        6530.    2.207E-11
        6531.    2.197E-11
        6533.    2.244E-11
        6534.    2.282E-11
        6535.    2.306E-11
        6537.    2.326E-11
        6538.    2.332E-11
        6540.    2.356E-11
        6541.    2.304E-11
        6542.    2.228E-11
        6544.    2.151E-11
        6545.    2.109E-11
        6547.    2.138E-11
        6548.    2.143E-11
        6549.    2.099E-11
        6551.    2.052E-11
        6552.    2.014E-11
        6554.    1.987E-11
        6555.    2.009E-11
        6556.    2.059E-11
        6558.    2.128E-11
        6559.    2.059E-11
        6561.    1.884E-11
        6562.    1.692E-11
        6563.    1.872E-11
        6565.    2.110E-11
        6566.    2.234E-11
        6568.    2.252E-11
        6569.    2.230E-11
        6570.    2.140E-11
        6572.    2.023E-11
        6573.    1.982E-11
        6575.    2.069E-11
        6576.    2.203E-11
        6577.    2.251E-11
        6579.    2.213E-11
        6580.    2.203E-11
        6582.    2.251E-11
        6583.    2.297E-11
        6584.    2.336E-11
        6586.    2.349E-11
        6587.    2.368E-11
        6589.    2.358E-11
        6590.    2.207E-11
        6591.    2.058E-11
        6593.    2.008E-11
        6594.    2.074E-11
        6596.    2.172E-11
        6597.    2.168E-11
        6598.    2.199E-11
        6600.    2.290E-11
        6601.    2.336E-11
        6603.    2.288E-11
        6604.    2.208E-11
        6605.    2.109E-11
        6607.    2.035E-11
        6608.    2.066E-11
        6610.    2.140E-11
        6611.    2.202E-11
        6612.    2.173E-11
        6614.    2.246E-11
        6615.    2.292E-11
        6617.    2.325E-11
        6618.    2.359E-11
        6619.    2.358E-11
        6621.    2.287E-11
        6622.    2.202E-11
        6624.    2.133E-11
        6625.    2.200E-11
        6626.    2.247E-11
        6628.    2.220E-11
        6629.    2.186E-11
        6631.    2.159E-11
        6632.    2.152E-11
        6633.    2.180E-11
        6635.    2.194E-11
        6636.    2.213E-11
        6638.    2.248E-11
        6639.    2.258E-11
        6640.    2.243E-11
        6642.    2.179E-11
        6643.    2.155E-11
        6645.    2.200E-11
        6646.    2.188E-11
        6647.    2.179E-11
        6649.    2.167E-11
        6650.    2.139E-11
        6652.    2.146E-11
        6653.    2.145E-11
        6654.    2.125E-11
        6656.    2.122E-11
        6657.    2.071E-11
        6659.    2.030E-11
        6660.    2.013E-11
        6661.    1.998E-11
        6663.    2.012E-11
        6664.    2.044E-11
        6666.    2.044E-11
        6667.    2.053E-11
        6668.    2.091E-11
        6670.    2.129E-11
        6671.    2.155E-11
        6673.    2.141E-11
        6674.    2.113E-11
        6675.    2.041E-11
        6677.    2.002E-11
        6678.    2.025E-11
        6680.    2.026E-11
        6681.    2.048E-11
        6682.    2.104E-11
        6684.    2.136E-11
        6685.    2.111E-11
        6687.    2.073E-11
        6688.    2.059E-11
        6689.    2.079E-11
        6691.    2.085E-11
        6692.    2.102E-11
        6694.    2.107E-11
        6695.    2.072E-11
        6696.    2.046E-11
        6698.    2.102E-11
        6699.    2.169E-11
        6701.    2.123E-11
        6702.    2.075E-11
        6703.    2.076E-11
        6705.    2.120E-11
        6706.    2.138E-11
        6708.    2.109E-11
        6709.    2.091E-11
        6710.    2.074E-11
        6712.    2.022E-11
        6713.    1.961E-11
        6715.    1.919E-11
        6716.    1.912E-11
        6717.    1.934E-11
        6719.    1.960E-11
        6720.    1.981E-11
        6722.    2.022E-11
        6723.    2.036E-11
        6724.    2.021E-11
        6726.    2.005E-11
        6727.    2.010E-11
        6729.    2.075E-11
        6730.    2.097E-11
        6731.    2.072E-11
        6733.    2.018E-11
        6734.    2.034E-11
        6736.    2.035E-11
        6737.    1.982E-11
        6738.    1.933E-11
        6740.    1.924E-11
        6741.    1.912E-11
        6743.    1.934E-11
        6744.    1.972E-11
        6745.    1.985E-11
        6747.    1.962E-11
        6748.    1.936E-11
        6750.    1.935E-11
        6751.    1.928E-11
        6752.    1.916E-11
        6754.    1.944E-11
        6755.    2.015E-11
        6757.    2.100E-11
        6758.    2.140E-11
        6759.    2.119E-11
        6761.    2.120E-11
        6762.    2.135E-11
        6764.    2.131E-11
        6765.    2.091E-11
        6766.    2.042E-11
        6768.    2.062E-11
        6769.    2.097E-11
        6771.    2.122E-11
        6772.    2.162E-11
        6773.    2.205E-11
        6775.    2.225E-11
        6776.    2.240E-11
        6778.    2.242E-11
        6779.    2.220E-11
        6780.    2.152E-11
        6782.    2.035E-11
        6783.    1.955E-11
        6785.    1.967E-11
        6786.    2.011E-11
        6787.    2.024E-11
        6789.    2.003E-11
        6790.    2.040E-11
        6792.    2.034E-11
        6793.    2.013E-11
        6794.    2.037E-11
        6796.    2.089E-11
        6797.    2.143E-11
        6799.    2.189E-11
        6800.    2.188E-11
        6801.    2.151E-11
        6803.    2.150E-11
        6804.    2.155E-11
        6806.    2.137E-11
        6807.    2.123E-11
        6808.    2.128E-11
        6810.    2.147E-11
        6811.    2.148E-11
        6813.    2.135E-11
        6814.    2.128E-11
        6815.    2.166E-11
        6817.    2.215E-11
        6818.    2.211E-11
        6820.    2.177E-11
        6821.    2.176E-11
        6822.    2.208E-11
        6824.    2.239E-11
        6825.    2.239E-11
        6827.    2.173E-11
        6828.    2.149E-11
        6829.    2.170E-11
        6831.    2.185E-11
        6832.    2.201E-11
        6834.    2.248E-11
        6835.    2.251E-11
        6836.    2.234E-11
        6838.    2.170E-11
        6839.    2.095E-11
        6841.    2.084E-11
        6842.    2.126E-11
        6843.    2.173E-11
        6845.    2.200E-11
        6846.    2.204E-11
        6848.    2.197E-11
        6849.    2.170E-11
        6850.    2.148E-11
        6852.    2.138E-11
        6853.    2.116E-11
        6855.    2.123E-11
        6856.    2.147E-11
        6857.    2.155E-11
        6859.    2.090E-11
        6860.    2.045E-11
        6862.    2.101E-11
        6863.    2.168E-11
        6864.    2.197E-11
        6866.    2.108E-11
        6867.    1.892E-11
        6869.    1.695E-11
        6870.    1.604E-11
        6871.    1.616E-11
        6873.    1.635E-11
        6874.    1.685E-11
        6876.    1.774E-11
        6877.    1.868E-11
        6878.    1.916E-11
        6880.    1.950E-11
        6881.    2.021E-11
        6883.    2.082E-11
        6884.    2.096E-11
        6885.    2.065E-11
        6887.    2.059E-11
        6888.    2.065E-11
        6890.    2.025E-11
        6891.    2.083E-11
        6892.    2.078E-11
        6894.    2.079E-11
        6895.    2.093E-11
        6897.    2.085E-11
        6898.    2.080E-11
        6899.    2.082E-11
        6901.    2.100E-11
        6902.    2.177E-11
        6904.    2.242E-11
        6905.    2.273E-11
        6906.    2.281E-11
        6908.    2.268E-11
        6909.    2.247E-11
        6911.    2.229E-11
        6912.    2.204E-11
        6913.    2.181E-11
        6915.    2.202E-11
        6916.    2.253E-11
        6918.    2.276E-11
        6919.    2.274E-11
        6920.    2.299E-11
        6922.    2.297E-11
        6923.    2.212E-11
        6925.    2.161E-11
        6926.    2.188E-11
        6927.    2.209E-11
        6929.    2.200E-11
        6930.    2.192E-11
        6932.    2.203E-11
        6933.    2.234E-11
        6934.    2.244E-11
        6936.    2.235E-11
        6937.    2.251E-11
        6939.    2.267E-11
        6940.    2.236E-11
        6941.    2.182E-11
        6943.    2.167E-11
        6944.    2.153E-11
        6946.    2.153E-11
        6947.    2.188E-11
        6948.    2.176E-11
        6950.    2.153E-11
        6951.    2.130E-11
        6953.    2.137E-11
        6954.    2.182E-11
        6955.    2.249E-11
        6957.    2.290E-11
        6958.    2.322E-11
        6960.    2.340E-11
        6961.    2.334E-11
        6962.    2.347E-11
        6964.    2.351E-11
        6965.    2.365E-11
        6967.    2.407E-11
        6968.    2.437E-11
        6969.    2.415E-11
        6971.    2.398E-11
        6972.    2.404E-11
        6974.    2.345E-11
        6975.    2.241E-11
        6976.    2.134E-11
        6978.    2.087E-11
        6979.    2.187E-11
        6981.    2.343E-11
        6982.    2.426E-11
        6983.    2.429E-11
        6985.    2.400E-11
        6986.    2.345E-11
        6988.    2.292E-11
        6989.    2.279E-11
        6990.    2.306E-11
        6992.    2.282E-11
        6993.    2.279E-11
        6995.    2.350E-11
        6996.    2.366E-11
        6997.    2.320E-11
        6999.    2.296E-11
        7000.    2.286E-11
        7002.    2.321E-11
        7003.    2.273E-11
        7004.    2.242E-11
        7006.    2.260E-11
        7007.    2.305E-11
        7009.    2.302E-11
        7010.    2.301E-11
        7011.    2.349E-11
        7013.    2.306E-11
        7014.    2.194E-11
        7016.    2.230E-11
        7017.    2.333E-11
        7018.    2.392E-11
        7020.    2.402E-11
        7021.    2.344E-11
        7023.    2.311E-11
        7024.    2.352E-11
        7025.    2.396E-11
        7027.    2.421E-11
        7028.    2.430E-11
        7030.    2.416E-11
        7031.    2.411E-11
        7032.    2.453E-11
        7034.    2.497E-11
        7035.    2.457E-11
        7037.    2.386E-11
        7038.    2.453E-11
        7039.    2.598E-11
        7041.    2.658E-11
        7042.    2.642E-11
        7044.    2.587E-11
        7045.    2.613E-11
        7046.    2.645E-11
        7048.    2.623E-11
        7049.    2.528E-11
        7051.    2.383E-11
        7052.    2.205E-11
        7053.    2.198E-11
        7055.    2.252E-11
        7056.    2.276E-11
        7058.    2.189E-11
        7059.    2.140E-11
        7060.    2.141E-11
        7062.    2.131E-11
        7063.    2.080E-11
        7065.    1.988E-11
        7066.    1.964E-11
        7067.    2.058E-11
        7069.    2.175E-11
        7070.    2.259E-11
        7072.    2.299E-11
        7073.    2.269E-11
        7074.    2.257E-11
        7076.    2.296E-11
        7077.    2.363E-11
        7079.    2.389E-11
        7080.    2.318E-11
        7081.    2.205E-11
        7083.    2.122E-11
        7084.    2.060E-11
        7086.    1.996E-11
        7087.    1.955E-11
        7088.    1.958E-11
        7090.    1.967E-11
        7091.    1.951E-11
        7093.    1.928E-11
        7094.    1.954E-11
        7095.    2.015E-11
        7097.    1.979E-11
        7098.    1.960E-11
        7100.    1.923E-11
        7101.    1.893E-11
        7102.    1.927E-11
        7104.    1.975E-11
        7105.    1.971E-11
        7107.    1.971E-11
        7108.    1.947E-11
        7109.    1.939E-11
        7111.    1.970E-11
        7112.    2.006E-11
        7114.    2.056E-11
        7115.    2.084E-11
        7116.    2.105E-11
        7118.    2.091E-11
        7119.    2.062E-11
        7121.    2.025E-11
        7122.    1.957E-11
        7123.    1.868E-11
        7125.    1.803E-11
        7126.    1.791E-11
        7128.    1.747E-11
        7129.    1.716E-11
        7130.    1.755E-11
        7132.    1.813E-11
        7133.    1.863E-11
        7135.    1.898E-11
        7136.    1.880E-11
        7137.    1.863E-11
        7139.    1.900E-11
        7140.    1.970E-11
        7142.    2.013E-11
        7143.    2.025E-11
        7144.    2.010E-11
        7146.    1.930E-11
        7147.    1.892E-11
        7149.    1.945E-11
        7150.    1.997E-11
        7151.    2.019E-11
        7153.    2.023E-11
        7154.    2.042E-11
        7156.    2.067E-11
        7157.    2.043E-11
        7158.    2.041E-11
        7160.    2.058E-11
        7161.    2.024E-11
        7163.    1.983E-11
        7164.    1.986E-11
        7165.    2.044E-11
        7167.    2.021E-11
        7168.    2.021E-11
        7170.    2.052E-11
        7171.    2.073E-11
        7172.    2.018E-11
        7174.    2.014E-11
        7175.    2.056E-11
        7177.    2.040E-11
        7178.    1.987E-11
        7179.    1.952E-11
        7181.    1.987E-11
        7182.    2.047E-11
        7184.    2.008E-11
        7185.    1.874E-11
        7186.    1.785E-11
        7188.    1.848E-11
        7189.    1.987E-11
        7191.    2.003E-11
        7192.    1.993E-11
        7193.    2.025E-11
        7195.    2.012E-11
        7196.    2.014E-11
        7198.    1.999E-11
        7199.    1.912E-11
        7200.    1.901E-11
        7202.    2.013E-11
        7203.    2.119E-11
        7205.    2.063E-11
        7206.    1.924E-11
        7207.    1.990E-11
        7209.    2.098E-11
        7210.    2.173E-11
        7212.    2.199E-11
        7213.    2.181E-11
        7214.    2.187E-11
        7216.    2.208E-11
        7217.    2.262E-11
        7219.    2.293E-11
        7220.    2.267E-11
        7221.    2.261E-11
        7223.    2.224E-11
        7224.    2.298E-11
        7226.    2.290E-11
        7227.    2.256E-11
        7228.    2.282E-11
        7230.    2.353E-11
        7231.    2.335E-11
        7233.    2.301E-11
        7234.    2.215E-11
        7235.    2.162E-11
        7237.    2.201E-11
        7238.    2.277E-11
        7240.    2.243E-11
        7241.    2.215E-11
        7242.    2.183E-11
        7244.    2.173E-11
        7245.    2.275E-11
        7247.    2.389E-11
        7248.    2.399E-11
        7249.    2.285E-11
        7251.    2.168E-11
        7252.    2.146E-11
        7254.    2.168E-11
        7255.    2.276E-11
        7256.    2.355E-11
        7258.    2.278E-11
        7259.    2.213E-11
        7261.    2.173E-11
        7262.    2.176E-11
        7263.    2.175E-11
        7265.    2.183E-11
        7266.    2.314E-11
        7268.    2.354E-11
        7269.    2.345E-11
        7270.    2.283E-11
        7272.    2.232E-11
        7273.    2.295E-11
        7275.    2.355E-11
        7276.    2.315E-11
        7277.    2.264E-11
        7279.    2.265E-11
        7280.    2.214E-11
        7282.    2.167E-11
        7283.    2.210E-11
        7284.    2.269E-11
        7286.    2.283E-11
        7287.    2.236E-11
        7289.    2.134E-11
        7290.    2.060E-11
        7291.    2.065E-11
        7293.    2.154E-11
        7294.    2.275E-11
        7296.    2.325E-11
        7297.    2.284E-11
        7298.    2.291E-11
        7300.    2.326E-11
        7301.    2.326E-11
        7303.    2.284E-11
        7304.    2.276E-11
        7305.    2.306E-11
        7307.    2.323E-11
        7308.    2.312E-11
        7310.    2.272E-11
        7311.    2.257E-11
        7312.    2.293E-11
        7314.    2.302E-11
        7315.    2.235E-11
        7317.    2.192E-11
        7318.    2.195E-11
        7319.    2.247E-11
        7321.    2.292E-11
        7322.    2.259E-11
        7324.    2.193E-11
        7325.    2.201E-11
        7326.    2.283E-11
        7328.    2.331E-11
        7329.    2.301E-11
        7331.    2.273E-11
        7332.    2.271E-11
        7333.    2.297E-11
        7335.    2.308E-11
        7336.    2.384E-11
        7338.    2.400E-11
        7339.    2.431E-11
        7340.    2.421E-11
        7342.    2.344E-11
        7343.    2.231E-11
        7345.    2.186E-11
        7346.    2.264E-11
        7347.    2.315E-11
        7349.    2.275E-11
        7350.    2.198E-11
        7352.    2.225E-11
        7353.    2.187E-11
        7354.    2.068E-11
        7356.    1.979E-11
        7357.    2.013E-11
        7359.    2.144E-11
        7360.    2.197E-11
        7361.    2.174E-11
        7363.    2.157E-11
        7364.    2.189E-11
        7366.    2.242E-11
        7367.    2.247E-11
        7368.    2.256E-11
        7370.    2.298E-11
        7371.    2.352E-11
        7373.    2.402E-11
        7374.    2.428E-11
        7375.    2.439E-11
        7377.    2.450E-11
        7378.    2.453E-11
        7380.    2.429E-11
        7381.    2.353E-11
        7382.    2.310E-11
        7384.    2.282E-11
        7385.    2.259E-11
        7387.    2.252E-11
        7388.    2.223E-11
        7389.    2.252E-11
        7391.    2.290E-11
        7392.    2.316E-11
        7394.    2.335E-11
        7395.    2.300E-11
        7396.    2.279E-11
        7398.    2.276E-11
        7399.    2.352E-11
        7401.    2.460E-11
        7402.    2.531E-11
        7403.    2.528E-11
        7405.    2.452E-11
        7406.    2.396E-11
        7408.    2.340E-11
        7409.    2.296E-11
        7410.    2.249E-11
        7412.    2.202E-11
        7413.    2.217E-11
        7415.    2.238E-11
        7416.    2.239E-11
        7417.    2.241E-11
        7419.    2.254E-11
        7420.    2.297E-11
        7422.    2.341E-11
        7423.    2.367E-11
        7424.    2.313E-11
        7426.    2.259E-11
        7427.    2.350E-11
