        3510.    1.345E-11
        3511.    1.367E-11
        3513.    1.367E-11
        3514.    1.368E-11
        3516.    1.400E-11
        3517.    1.419E-11
        3518.    1.421E-11
        3520.    1.410E-11
        3521.    1.378E-11
        3523.    1.323E-11
        3524.    1.281E-11
        3525.    1.297E-11
        3527.    1.323E-11
        3528.    1.321E-11
        3530.    1.320E-11
        3531.    1.322E-11
        3532.    1.351E-11
        3534.    1.394E-11
        3535.    1.391E-11
        3537.    1.348E-11
        3538.    1.333E-11
        3539.    1.349E-11
        3541.    1.362E-11
        3542.    1.349E-11
        3544.    1.353E-11
        3545.    1.376E-11
        3546.    1.397E-11
        3548.    1.435E-11
        3549.    1.443E-11
        3551.    1.409E-11
        3552.    1.396E-11
        3553.    1.400E-11
        3555.    1.340E-11
        3556.    1.303E-11
        3558.    1.283E-11
        3559.    1.262E-11
        3560.    1.260E-11
        3562.    1.279E-11
        3563.    1.302E-11
        3565.    1.301E-11
        3566.    1.291E-11
        3567.    1.296E-11
        3569.    1.291E-11
        3570.    1.302E-11
        3572.    1.318E-11
        3573.    1.315E-11
        3574.    1.303E-11
        3576.    1.313E-11
        3577.    1.286E-11
        3579.    1.225E-11
        3580.    1.190E-11
        3581.    1.192E-11
        3583.    1.231E-11
        3584.    1.273E-11
        3586.    1.284E-11
        3587.    1.295E-11
        3588.    1.316E-11
        3590.    1.328E-11
        3591.    1.320E-11
        3593.    1.285E-11
        3594.    1.238E-11
        3595.    1.237E-11
        3597.    1.290E-11
        3598.    1.296E-11
        3600.    1.331E-11
        3601.    1.386E-11
        3602.    1.368E-11
        3604.    1.318E-11
        3605.    1.273E-11
        3607.    1.280E-11
        3608.    1.309E-11
        3609.    1.302E-11
        3611.    1.281E-11
        3612.    1.269E-11
        3614.    1.268E-11
        3615.    1.245E-11
        3616.    1.209E-11
        3618.    1.230E-11
        3619.    1.281E-11
        3621.    1.294E-11
        3622.    1.273E-11
        3623.    1.263E-11
        3625.    1.278E-11
        3626.    1.268E-11
        3628.    1.215E-11
        3629.    1.203E-11
        3630.    1.219E-11
        3632.    1.209E-11
        3633.    1.207E-11
        3635.    1.221E-11
        3636.    1.262E-11
        3637.    1.282E-11
        3639.    1.252E-11
        3640.    1.248E-11
        3642.    1.241E-11
        3643.    1.234E-11
        3644.    1.237E-11
        3646.    1.258E-11
        3647.    1.270E-11
        3649.    1.221E-11
        3650.    1.208E-11
        3651.    1.244E-11
        3653.    1.267E-11
        3654.    1.257E-11
        3656.    1.242E-11
        3657.    1.254E-11
        3658.    1.228E-11
        3660.    1.218E-11
        3661.    1.241E-11
        3663.    1.270E-11
        3664.    1.285E-11
        3665.    1.271E-11
        3667.    1.238E-11
        3668.    1.211E-11
        3670.    1.213E-11
        3671.    1.218E-11
        3672.    1.254E-11
        3674.    1.276E-11
        3675.    1.280E-11
        3677.    1.266E-11
        3678.    1.238E-11
        3679.    1.231E-11
        3681.    1.262E-11
        3682.    1.259E-11
        3684.    1.271E-11
        3685.    1.234E-11
        3686.    1.208E-11
        3688.    1.207E-11
        3689.    1.234E-11
        3691.    1.242E-11
        3692.    1.234E-11
        3693.    1.214E-11
        3695.    1.215E-11
        3696.    1.201E-11
        3698.    1.186E-11
        3699.    1.212E-11
        3700.    1.249E-11
        3702.    1.303E-11
        3703.    1.294E-11
        3705.    1.238E-11
        3706.    1.232E-11
        3707.    1.218E-11
        3709.    1.218E-11
        3710.    1.232E-11
        3712.    1.207E-11
        3713.    1.203E-11
        3714.    1.235E-11
        3716.    1.276E-11
        3717.    1.323E-11
        3719.    1.339E-11
        3720.    1.302E-11
        3721.    1.232E-11
        3723.    1.167E-11
        3724.    1.173E-11
        3726.    1.246E-11
        3727.    1.325E-11
        3728.    1.384E-11
        3730.    1.392E-11
        3731.    1.355E-11
        3733.    1.290E-11
        3734.    1.204E-11
        3735.    1.150E-11
        3737.    1.186E-11
        3738.    1.294E-11
        3740.    1.381E-11
        3741.    1.433E-11
        3742.    1.483E-11
        3744.    1.523E-11
        3745.    1.526E-11
        3747.    1.453E-11
        3748.    1.360E-11
        3749.    1.278E-11
        3751.    1.182E-11
        3752.    1.123E-11
        3754.    1.135E-11
        3755.    1.245E-11
        3756.    1.368E-11
        3758.    1.438E-11
        3759.    1.461E-11
        3761.    1.480E-11
        3762.    1.470E-11
        3763.    1.454E-11
        3765.    1.441E-11
        3766.    1.383E-11
        3768.    1.297E-11
        3769.    1.249E-11
        3770.    1.191E-11
        3772.    1.166E-11
        3773.    1.194E-11
        3775.    1.297E-11
        3776.    1.392E-11
        3777.    1.505E-11
        3779.    1.540E-11
        3780.    1.550E-11
        3782.    1.569E-11
        3783.    1.545E-11
        3784.    1.511E-11
        3786.    1.479E-11
        3787.    1.541E-11
        3789.    1.584E-11
        3790.    1.549E-11
        3791.    1.494E-11
        3793.    1.415E-11
        3794.    1.349E-11
        3796.    1.231E-11
        3797.    1.134E-11
        3798.    1.107E-11
        3800.    1.159E-11
        3801.    1.260E-11
        3803.    1.382E-11
        3804.    1.452E-11
        3805.    1.451E-11
        3807.    1.470E-11
        3808.    1.517E-11
        3810.    1.561E-11
        3811.    1.576E-11
        3812.    1.590E-11
        3814.    1.628E-11
        3815.    1.614E-11
        3817.    1.549E-11
        3818.    1.474E-11
        3819.    1.453E-11
        3821.    1.509E-11
        3822.    1.524E-11
        3824.    1.532E-11
        3825.    1.534E-11
        3826.    1.517E-11
        3828.    1.505E-11
        3829.    1.503E-11
        3831.    1.435E-11
        3832.    1.329E-11
        3833.    1.233E-11
        3835.    1.143E-11
        3836.    1.097E-11
        3838.    1.161E-11
        3839.    1.275E-11
        3840.    1.364E-11
        3842.    1.443E-11
        3843.    1.496E-11
        3845.    1.519E-11
        3846.    1.490E-11
        3847.    1.463E-11
        3849.    1.488E-11
        3850.    1.512E-11
        3852.    1.546E-11
        3853.    1.557E-11
        3854.    1.558E-11
        3856.    1.591E-11
        3857.    1.610E-11
        3859.    1.604E-11
        3860.    1.592E-11
        3861.    1.587E-11
        3863.    1.572E-11
        3864.    1.542E-11
        3866.    1.523E-11
        3867.    1.503E-11
        3868.    1.478E-11
        3870.    1.478E-11
        3871.    1.500E-11
        3873.    1.537E-11
        3874.    1.544E-11
        3875.    1.533E-11
        3877.    1.521E-11
        3878.    1.500E-11
        3880.    1.477E-11
        3881.    1.445E-11
        3882.    1.361E-11
        3884.    1.257E-11
        3885.    1.168E-11
        3887.    1.086E-11
        3888.    1.034E-11
        3889.    1.020E-11
        3891.    1.057E-11
        3892.    1.151E-11
        3894.    1.244E-11
        3895.    1.312E-11
        3896.    1.360E-11
        3898.    1.418E-11
        3899.    1.477E-11
        3901.    1.509E-11
        3902.    1.504E-11
        3903.    1.520E-11
        3905.    1.538E-11
        3906.    1.530E-11
        3908.    1.523E-11
        3909.    1.511E-11
        3910.    1.511E-11
        3912.    1.523E-11
        3913.    1.501E-11
        3915.    1.483E-11
        3916.    1.474E-11
        3917.    1.459E-11
        3919.    1.429E-11
        3920.    1.397E-11
        3922.    1.395E-11
        3923.    1.413E-11
        3924.    1.420E-11
        3926.    1.421E-11
        3927.    1.401E-11
        3929.    1.403E-11
        3930.    1.400E-11
        3931.    1.369E-11
        3933.    1.343E-11
        3934.    1.353E-11
        3936.    1.359E-11
        3937.    1.376E-11
        3938.    1.389E-11
        3940.    1.380E-11
        3941.    1.361E-11
        3943.    1.382E-11
        3944.    1.417E-11
        3945.    1.403E-11
        3947.    1.347E-11
        3948.    1.329E-11
        3950.    1.352E-11
        3951.    1.367E-11
        3952.    1.368E-11
        3954.    1.373E-11
        3955.    1.376E-11
        3957.    1.370E-11
        3958.    1.369E-11
        3959.    1.359E-11
        3961.    1.333E-11
        3962.    1.280E-11
        3964.    1.198E-11
        3965.    1.122E-11
        3966.    1.050E-11
        3968.    9.846E-12
        3969.    9.355E-12
        3971.    9.226E-12
        3972.    9.795E-12
        3973.    1.068E-11
        3975.    1.166E-11
        3976.    1.234E-11
        3978.    1.265E-11
        3979.    1.291E-11
        3980.    1.323E-11
        3982.    1.345E-11
        3983.    1.367E-11
        3985.    1.396E-11
        3986.    1.397E-11
        3987.    1.373E-11
        3989.    1.356E-11
        3990.    1.352E-11
        3992.    1.340E-11
        3993.    1.347E-11
        3994.    1.371E-11
        3996.    1.368E-11
        3997.    1.332E-11
        3999.    1.340E-11
        4000.    1.363E-11
        4001.    1.369E-11
        4003.    1.344E-11
        4004.    1.335E-11
        4006.    1.322E-11
        4007.    1.313E-11
        4008.    1.311E-11
        4010.    1.298E-11
        4011.    1.312E-11
        4013.    1.325E-11
        4014.    1.307E-11
        4015.    1.291E-11
        4017.    1.294E-11
        4018.    1.307E-11
        4020.    1.315E-11
        4021.    1.302E-11
        4022.    1.265E-11
        4024.    1.216E-11
        4025.    1.171E-11
        4027.    1.153E-11
        4028.    1.193E-11
        4029.    1.243E-11
        4031.    1.280E-11
        4032.    1.291E-11
        4034.    1.259E-11
        4035.    1.263E-11
        4036.    1.271E-11
        4038.    1.277E-11
        4039.    1.278E-11
        4041.    1.308E-11
        4042.    1.310E-11
        4043.    1.292E-11
        4045.    1.290E-11
        4046.    1.311E-11
        4048.    1.305E-11
        4049.    1.303E-11
        4050.    1.306E-11
        4052.    1.296E-11
        4053.    1.282E-11
        4055.    1.287E-11
        4056.    1.297E-11
        4057.    1.291E-11
        4059.    1.288E-11
        4060.    1.303E-11
        4062.    1.300E-11
        4063.    1.290E-11
        4064.    1.287E-11
        4066.    1.301E-11
        4067.    1.318E-11
        4069.    1.306E-11
        4070.    1.273E-11
        4071.    1.250E-11
        4073.    1.239E-11
        4074.    1.231E-11
        4076.    1.235E-11
        4077.    1.230E-11
        4078.    1.243E-11
        4080.    1.264E-11
        4081.    1.257E-11
        4083.    1.258E-11
        4084.    1.259E-11
        4085.    1.258E-11
        4087.    1.253E-11
        4088.    1.240E-11
        4090.    1.230E-11
        4091.    1.235E-11
        4092.    1.221E-11
        4094.    1.195E-11
        4095.    1.155E-11
        4097.    1.094E-11
        4098.    1.009E-11
        4099.    9.406E-12
        4101.    8.835E-12
        4102.    8.563E-12
        4104.    8.982E-12
        4105.    9.585E-12
        4106.    1.027E-11
        4108.    1.086E-11
        4109.    1.119E-11
        4111.    1.156E-11
        4112.    1.188E-11
        4113.    1.200E-11
        4115.    1.204E-11
        4116.    1.192E-11
        4118.    1.182E-11
        4119.    1.195E-11
        4120.    1.220E-11
        4122.    1.229E-11
        4123.    1.227E-11
        4125.    1.223E-11
        4126.    1.226E-11
        4127.    1.227E-11
        4129.    1.234E-11
        4130.    1.223E-11
        4132.    1.212E-11
        4133.    1.225E-11
        4134.    1.225E-11
        4136.    1.214E-11
        4137.    1.195E-11
        4139.    1.159E-11
        4140.    1.151E-11
        4141.    1.135E-11
        4143.    1.124E-11
        4144.    1.121E-11
        4146.    1.138E-11
        4147.    1.159E-11
        4148.    1.175E-11
        4150.    1.177E-11
        4151.    1.178E-11
        4153.    1.183E-11
        4154.    1.189E-11
        4155.    1.196E-11
        4157.    1.186E-11
        4158.    1.178E-11
        4160.    1.176E-11
        4161.    1.173E-11
        4162.    1.179E-11
        4164.    1.178E-11
        4165.    1.165E-11
        4167.    1.158E-11
        4168.    1.150E-11
        4169.    1.165E-11
        4171.    1.173E-11
        4172.    1.171E-11
        4174.    1.182E-11
        4175.    1.194E-11
        4176.    1.170E-11
        4178.    1.158E-11
        4179.    1.169E-11
        4181.    1.174E-11
        4182.    1.158E-11
        4183.    1.152E-11
        4185.    1.167E-11
        4186.    1.169E-11
        4188.    1.148E-11
        4189.    1.138E-11
        4190.    1.142E-11
        4192.    1.134E-11
        4193.    1.132E-11
        4195.    1.142E-11
        4196.    1.145E-11
        4197.    1.130E-11
        4199.    1.115E-11
        4200.    1.122E-11
        4202.    1.142E-11
        4203.    1.148E-11
        4204.    1.139E-11
        4206.    1.120E-11
        4207.    1.120E-11
        4209.    1.124E-11
        4210.    1.134E-11
        4211.    1.141E-11
        4213.    1.132E-11
        4214.    1.126E-11
        4216.    1.134E-11
        4217.    1.142E-11
        4218.    1.149E-11
        4220.    1.147E-11
        4221.    1.131E-11
        4223.    1.119E-11
        4224.    1.122E-11
        4225.    1.108E-11
        4227.    1.096E-11
        4228.    1.091E-11
        4230.    1.107E-11
        4231.    1.145E-11
        4232.    1.134E-11
        4234.    1.129E-11
        4235.    1.126E-11
        4237.    1.133E-11
        4238.    1.129E-11
        4239.    1.125E-11
        4241.    1.123E-11
        4242.    1.111E-11
        4244.    1.117E-11
        4245.    1.129E-11
        4246.    1.138E-11
        4248.    1.120E-11
        4249.    1.108E-11
        4251.    1.100E-11
        4252.    1.091E-11
        4253.    1.082E-11
        4255.    1.072E-11
        4256.    1.083E-11
        4258.    1.091E-11
        4259.    1.103E-11
        4260.    1.107E-11
        4262.    1.105E-11
        4263.    1.096E-11
        4265.    1.082E-11
        4266.    1.064E-11
        4267.    1.055E-11
        4269.    1.054E-11
        4270.    1.072E-11
        4272.    1.093E-11
        4273.    1.106E-11
        4274.    1.119E-11
        4276.    1.122E-11
        4277.    1.113E-11
        4279.    1.102E-11
        4280.    1.108E-11
        4281.    1.122E-11
        4283.    1.123E-11
        4284.    1.127E-11
        4286.    1.124E-11
        4287.    1.110E-11
        4288.    1.105E-11
        4290.    1.116E-11
        4291.    1.127E-11
        4293.    1.126E-11
        4294.    1.116E-11
        4295.    1.113E-11
        4297.    1.112E-11
        4298.    1.101E-11
        4300.    1.088E-11
        4301.    1.073E-11
        4302.    1.063E-11
        4304.    1.071E-11
        4305.    1.081E-11
        4307.    1.077E-11
        4308.    1.064E-11
        4309.    1.046E-11
        4311.    1.044E-11
        4312.    1.056E-11
        4314.    1.063E-11
        4315.    1.055E-11
        4316.    1.035E-11
        4318.    1.031E-11
        4319.    1.032E-11
        4321.    1.036E-11
        4322.    1.036E-11
        4323.    1.034E-11
        4325.    1.035E-11
        4326.    1.041E-11
        4328.    1.045E-11
        4329.    1.036E-11
        4330.    1.014E-11
        4332.    9.880E-12
        4333.    9.711E-12
        4335.    9.368E-12
        4336.    8.870E-12
        4337.    8.294E-12
        4339.    7.739E-12
        4340.    7.381E-12
        4342.    7.413E-12
        4343.    7.758E-12
        4344.    8.297E-12
        4346.    8.787E-12
        4347.    9.219E-12
        4349.    9.534E-12
        4350.    9.754E-12
        4351.    9.950E-12
        4353.    1.019E-11
        4354.    1.024E-11
        4356.    1.028E-11
        4357.    1.027E-11
        4358.    1.022E-11
        4360.    1.022E-11
        4361.    1.017E-11
        4363.    1.011E-11
        4364.    9.996E-12
        4365.    1.003E-11
        4367.    1.005E-11
        4368.    1.006E-11
        4370.    1.007E-11
        4371.    1.015E-11
        4372.    1.013E-11
        4374.    1.013E-11
        4375.    1.013E-11
        4377.    1.018E-11
        4378.    1.016E-11
        4379.    1.015E-11
        4381.    1.020E-11
        4382.    1.017E-11
        4384.    1.002E-11
        4385.    9.930E-12
        4386.    9.765E-12
        4388.    9.465E-12
        4389.    9.371E-12
        4391.    9.446E-12
        4392.    9.590E-12
        4393.    9.795E-12
        4395.    1.004E-11
        4396.    1.019E-11
        4398.    1.018E-11
        4399.    1.012E-11
        4400.    1.010E-11
        4402.    1.005E-11
        4403.    1.001E-11
        4405.    9.944E-12
        4406.    9.962E-12
        4407.    1.004E-11
        4409.    1.010E-11
        4410.    1.017E-11
        4412.    1.014E-11
        4413.    9.930E-12
        4414.    9.896E-12
        4416.    9.988E-12
        4417.    9.910E-12
        4419.    9.770E-12
        4420.    9.669E-12
        4421.    9.609E-12
        4423.    9.512E-12
        4424.    9.441E-12
        4426.    9.454E-12
        4427.    9.468E-12
        4428.    9.418E-12
        4430.    9.295E-12
        4431.    9.225E-12
        4433.    9.285E-12
        4434.    9.376E-12
        4435.    9.452E-12
        4437.    9.348E-12
        4438.    9.251E-12
        4440.    9.344E-12
        4441.    9.385E-12
        4442.    9.347E-12
        4444.    9.323E-12
        4445.    9.280E-12
        4447.    9.340E-12
        4448.    9.476E-12
        4449.    9.612E-12
        4451.    9.690E-12
        4452.    9.600E-12
        4454.    9.463E-12
        4455.    9.413E-12
        4456.    9.341E-12
        4458.    9.324E-12
        4459.    9.458E-12
        4461.    9.555E-12
        4462.    9.594E-12
        4463.    9.560E-12
        4465.    9.302E-12
        4466.    9.160E-12
        4468.    9.006E-12
        4469.    8.801E-12
        4470.    8.502E-12
        4472.    8.453E-12
        4473.    8.621E-12
        4475.    8.951E-12
        4476.    9.201E-12
        4477.    9.220E-12
        4479.    9.100E-12
        4480.    9.043E-12
        4482.    9.043E-12
        4483.    9.089E-12
        4484.    9.340E-12
        4486.    9.454E-12
        4487.    9.425E-12
        4489.    9.262E-12
        4490.    9.093E-12
        4491.    9.215E-12
        4493.    9.437E-12
        4494.    9.566E-12
        4496.    9.559E-12
        4497.    9.577E-12
        4498.    9.629E-12
        4500.    9.643E-12
        4501.    9.707E-12
        4503.    9.633E-12
        4504.    9.439E-12
        4505.    9.322E-12
        4507.    9.232E-12
        4508.    9.142E-12
        4510.    9.032E-12
        4511.    9.163E-12
        4512.    9.306E-12
        4514.    9.231E-12
        4515.    9.197E-12
        4517.    9.395E-12
        4518.    9.508E-12
        4519.    9.581E-12
        4521.    9.669E-12
        4522.    9.583E-12
        4524.    9.533E-12
        4525.    9.525E-12
        4526.    9.379E-12
        4528.    9.216E-12
        4529.    9.142E-12
        4531.    9.076E-12
        4532.    8.989E-12
        4533.    9.012E-12
        4535.    9.168E-12
        4536.    9.268E-12
        4538.    9.277E-12
        4539.    9.305E-12
        4540.    9.329E-12
        4542.    9.247E-12
        4543.    9.095E-12
        4545.    9.017E-12
        4546.    8.990E-12
        4547.    8.980E-12
        4549.    8.949E-12
        4550.    8.874E-12
        4552.    8.824E-12
        4553.    8.860E-12
        4554.    8.910E-12
        4556.    9.051E-12
        4557.    9.201E-12
        4559.    9.182E-12
        4560.    9.187E-12
        4561.    9.189E-12
        4563.    9.258E-12
        4564.    9.354E-12
        4566.    9.157E-12
        4567.    8.952E-12
        4568.    8.957E-12
        4570.    9.083E-12
        4571.    9.152E-12
        4573.    8.942E-12
        4574.    8.791E-12
        4575.    8.667E-12
        4577.    8.729E-12
        4578.    9.040E-12
        4580.    9.070E-12
        4581.    9.072E-12
        4582.    9.003E-12
        4584.    8.866E-12
        4585.    8.850E-12
        4587.    8.907E-12
        4588.    8.986E-12
        4589.    9.006E-12
        4591.    8.902E-12
        4592.    8.680E-12
        4594.    8.636E-12
        4595.    8.714E-12
        4596.    8.698E-12
        4598.    8.623E-12
        4599.    8.679E-12
        4601.    8.666E-12
        4602.    8.607E-12
        4603.    8.607E-12
        4605.    8.454E-12
        4606.    8.512E-12
        4608.    8.647E-12
        4609.    8.700E-12
        4610.    8.749E-12
        4612.    8.898E-12
        4613.    8.844E-12
        4615.    8.654E-12
        4616.    8.625E-12
        4617.    8.629E-12
        4619.    8.569E-12
        4620.    8.548E-12
        4622.    8.713E-12
        4623.    8.772E-12
        4624.    8.617E-12
        4626.    8.464E-12
        4627.    8.426E-12
        4629.    8.371E-12
        4630.    8.274E-12
        4631.    8.274E-12
        4633.    8.442E-12
        4634.    8.537E-12
        4636.    8.451E-12
        4637.    8.461E-12
        4638.    8.603E-12
        4640.    8.720E-12
        4641.    8.722E-12
        4643.    8.551E-12
        4644.    8.394E-12
        4645.    8.418E-12
        4647.    8.527E-12
        4648.    8.538E-12
        4650.    8.559E-12
        4651.    8.654E-12
        4652.    8.677E-12
        4654.    8.669E-12
        4655.    8.726E-12
        4657.    8.776E-12
        4658.    8.749E-12
        4659.    8.764E-12
        4661.    8.643E-12
        4662.    8.495E-12
        4664.    8.484E-12
        4665.    8.500E-12
        4666.    8.366E-12
        4668.    8.282E-12
        4669.    8.256E-12
        4671.    8.247E-12
        4672.    8.226E-12
        4673.    8.307E-12
        4675.    8.417E-12
        4676.    8.453E-12
        4678.    8.276E-12
        4679.    8.096E-12
        4680.    8.307E-12
        4682.    8.528E-12
        4683.    8.576E-12
        4685.    8.511E-12
        4686.    8.569E-12
        4687.    8.672E-12
        4689.    8.680E-12
        4690.    8.549E-12
        4692.    8.380E-12
        4693.    8.244E-12
        4694.    8.148E-12
        4696.    8.310E-12
        4697.    8.388E-12
        4699.    8.360E-12
        4700.    8.298E-12
        4701.    8.245E-12
        4703.    8.329E-12
        4704.    8.306E-12
        4706.    8.201E-12
        4707.    8.187E-12
        4708.    8.178E-12
        4710.    8.160E-12
        4711.    8.171E-12
        4713.    8.329E-12
        4714.    8.385E-12
        4715.    8.358E-12
        4717.    8.407E-12
        4718.    8.387E-12
        4720.    8.234E-12
        4721.    8.014E-12
        4722.    7.947E-12
        4724.    8.011E-12
        4725.    7.857E-12
        4727.    7.682E-12
        4728.    7.776E-12
        4729.    7.838E-12
        4731.    7.971E-12
        4732.    8.157E-12
        4734.    8.181E-12
        4735.    7.989E-12
        4736.    7.946E-12
        4738.    8.019E-12
        4739.    8.005E-12
        4741.    7.978E-12
        4742.    7.977E-12
        4743.    8.092E-12
        4745.    8.261E-12
        4746.    8.199E-12
        4748.    7.965E-12
        4749.    7.842E-12
        4750.    7.863E-12
        4752.    8.112E-12
        4753.    8.180E-12
        4755.    8.059E-12
        4756.    8.096E-12
        4757.    8.203E-12
        4759.    8.074E-12
        4760.    7.858E-12
        4762.    7.762E-12
        4763.    7.719E-12
        4764.    7.805E-12
        4766.    7.893E-12
        4767.    7.857E-12
        4769.    7.797E-12
        4770.    7.843E-12
        4771.    7.878E-12
        4773.    7.847E-12
        4774.    7.901E-12
        4776.    7.902E-12
        4777.    7.795E-12
        4778.    7.800E-12
        4780.    7.749E-12
        4781.    7.764E-12
        4783.    7.827E-12
        4784.    7.860E-12
        4785.    7.976E-12
        4787.    7.918E-12
        4788.    7.856E-12
        4790.    7.769E-12
        4791.    7.790E-12
        4792.    7.874E-12
        4794.    7.739E-12
        4795.    7.890E-12
        4797.    7.921E-12
        4798.    7.948E-12
        4799.    7.946E-12
        4801.    7.808E-12
        4802.    7.662E-12
        4804.    7.667E-12
        4805.    7.911E-12
        4806.    8.085E-12
        4808.    7.903E-12
        4809.    7.729E-12
        4811.    7.650E-12
        4812.    7.610E-12
        4813.    7.703E-12
        4815.    7.718E-12
        4816.    7.691E-12
        4818.    7.638E-12
        4819.    7.626E-12
        4820.    7.511E-12
        4822.    7.473E-12
        4823.    7.558E-12
        4825.    7.540E-12
        4826.    7.499E-12
        4827.    7.477E-12
        4829.    7.674E-12
        4830.    7.810E-12
        4832.    7.858E-12
        4833.    7.785E-12
        4834.    7.645E-12
        4836.    7.605E-12
        4837.    7.742E-12
        4839.    7.781E-12
        4840.    7.668E-12
        4841.    7.679E-12
        4843.    7.650E-12
        4844.    7.669E-12
        4846.    7.538E-12
        4847.    7.372E-12
        4848.    7.395E-12
        4850.    7.500E-12
        4851.    7.473E-12
        4853.    7.250E-12
        4854.    7.045E-12
        4855.    6.805E-12
        4857.    6.487E-12
        4858.    6.126E-12
        4860.    5.737E-12
        4861.    5.543E-12
        4862.    5.655E-12
        4864.    5.967E-12
        4865.    6.250E-12
        4867.    6.373E-12
        4868.    6.588E-12
        4869.    6.920E-12
        4871.    7.093E-12
        4872.    7.035E-12
        4874.    6.886E-12
        4875.    6.851E-12
        4876.    6.960E-12
        4878.    7.084E-12
        4879.    7.082E-12
        4881.    7.042E-12
        4882.    7.084E-12
        4883.    7.106E-12
        4885.    7.080E-12
        4886.    7.085E-12
        4888.    7.105E-12
        4889.    7.133E-12
        4890.    7.269E-12
        4892.    7.284E-12
        4893.    7.232E-12
        4895.    7.248E-12
        4896.    7.215E-12
        4897.    7.268E-12
        4899.    7.375E-12
        4900.    7.379E-12
        4902.    7.251E-12
        4903.    7.187E-12
        4904.    7.186E-12
        4906.    7.192E-12
        4907.    7.190E-12
        4909.    7.185E-12
        4910.    7.192E-12
        4911.    7.297E-12
        4913.    7.279E-12
        4914.    7.279E-12
        4916.    7.382E-12
        4917.    7.363E-12
        4918.    7.073E-12
        4920.    6.868E-12
        4921.    6.773E-12
        4923.    6.769E-12
        4924.    6.846E-12
        4925.    6.939E-12
        4927.    7.075E-12
        4928.    7.169E-12
        4930.    7.303E-12
        4931.    7.436E-12
        4932.    7.387E-12
        4934.    7.408E-12
        4935.    7.230E-12
        4937.    7.137E-12
        4938.    7.240E-12
        4939.    7.379E-12
        4941.    7.441E-12
        4942.    7.379E-12
        4944.    7.292E-12
        4945.    7.046E-12
        4946.    7.432E-12
        4948.    7.428E-12
        4949.    7.396E-12
        4951.    7.319E-12
        4952.    7.234E-12
        4953.    7.125E-12
        4955.    7.183E-12
        4956.    7.456E-12
        4958.    7.204E-12
        4959.    7.194E-12
        4960.    7.272E-12
        4962.    7.159E-12
        4963.    7.062E-12
        4965.    7.005E-12
        4966.    7.105E-12
        4967.    7.181E-12
        4969.    7.107E-12
        4970.    7.071E-12
        4972.    7.059E-12
        4973.    7.159E-12
        4974.    7.155E-12
        4976.    7.199E-12
        4977.    7.178E-12
        4979.    6.978E-12
        4980.    6.858E-12
        4981.    6.845E-12
        4983.    6.900E-12
        4984.    6.942E-12
        4986.    6.939E-12
        4987.    6.919E-12
        4988.    6.927E-12
        4990.    6.976E-12
        4991.    6.935E-12
        4993.    6.896E-12
        4994.    6.948E-12
        4995.    7.028E-12
        4997.    7.076E-12
        4998.    7.055E-12
        5000.    7.037E-12
        5001.    6.949E-12
        5002.    6.887E-12
        5004.    6.971E-12
        5005.    7.055E-12
        5007.    7.154E-12
        5008.    7.199E-12
        5009.    7.019E-12
        5011.    6.707E-12
        5012.    6.572E-12
        5014.    6.492E-12
        5015.    6.423E-12
        5016.    6.431E-12
        5018.    6.417E-12
        5019.    6.469E-12
        5021.    6.515E-12
        5022.    6.447E-12
        5023.    6.636E-12
        5025.    6.755E-12
        5026.    6.825E-12
        5028.    6.838E-12
        5029.    6.789E-12
        5030.    6.824E-12
        5032.    6.604E-12
        5033.    6.649E-12
        5035.    6.765E-12
        5036.    6.838E-12
        5037.    6.865E-12
        5039.    6.717E-12
        5040.    6.652E-12
        5042.    6.692E-12
        5043.    6.751E-12
        5044.    6.687E-12
        5046.    6.549E-12
        5047.    6.599E-12
        5049.    6.607E-12
        5050.    6.514E-12
        5051.    6.353E-12
        5053.    6.349E-12
        5054.    6.371E-12
        5056.    6.275E-12
        5057.    6.194E-12
        5058.    6.432E-12
        5060.    6.566E-12
        5061.    6.576E-12
        5063.    6.497E-12
        5064.    6.472E-12
        5065.    6.515E-12
        5067.    6.510E-12
        5068.    6.421E-12
        5070.    6.368E-12
        5071.    6.408E-12
        5072.    6.552E-12
        5074.    6.546E-12
        5075.    6.426E-12
        5077.    6.409E-12
        5078.    6.412E-12
        5079.    6.420E-12
        5081.    6.508E-12
        5082.    6.575E-12
        5084.    6.529E-12
        5085.    6.473E-12
        5086.    6.452E-12
        5088.    6.369E-12
        5089.    6.310E-12
        5091.    6.338E-12
        5092.    6.321E-12
        5093.    6.287E-12
        5095.    6.239E-12
        5096.    6.115E-12
        5098.    6.060E-12
        5099.    6.229E-12
        5100.    6.300E-12
        5102.    6.353E-12
        5103.    6.355E-12
        5105.    6.301E-12
        5106.    6.234E-12
        5107.    6.257E-12
        5109.    6.268E-12
        5110.    6.324E-12
        5112.    6.408E-12
        5113.    6.471E-12
        5114.    6.468E-12
        5116.    6.425E-12
        5117.    6.407E-12
        5119.    6.345E-12
        5120.    6.286E-12
        5121.    6.332E-12
        5123.    6.266E-12
        5124.    6.181E-12
        5126.    6.144E-12
        5127.    6.254E-12
        5128.    6.257E-12
        5130.    6.223E-12
        5131.    6.244E-12
        5133.    6.335E-12
        5134.    6.388E-12
        5135.    6.373E-12
        5137.    6.276E-12
        5138.    6.215E-12
        5140.    6.220E-12
        5141.    6.269E-12
        5142.    6.160E-12
        5144.    6.030E-12
        5145.    6.139E-12
        5147.    6.263E-12
        5148.    6.130E-12
        5149.    6.016E-12
        5151.    6.012E-12
        5152.    5.964E-12
        5154.    5.917E-12
        5155.    5.975E-12
        5156.    6.028E-12
        5158.    6.155E-12
        5159.    6.296E-12
        5161.    6.366E-12
        5162.    6.271E-12
        5163.    6.117E-12
        5165.    6.084E-12
        5166.    6.084E-12
        5168.    6.054E-12
        5169.    6.063E-12
        5170.    6.128E-12
        5172.    6.221E-12
        5173.    6.237E-12
        5175.    6.177E-12
        5176.    6.171E-12
        5177.    6.149E-12
        5179.    6.080E-12
        5180.    6.067E-12
        5182.    6.076E-12
        5183.    6.109E-12
        5184.    6.096E-12
        5186.    6.021E-12
        5187.    6.043E-12
        5189.    6.011E-12
        5190.    5.968E-12
        5191.    5.972E-12
        5193.    6.029E-12
        5194.    6.118E-12
        5196.    6.174E-12
        5197.    6.174E-12
        5198.    6.093E-12
        5200.    6.019E-12
        5201.    5.938E-12
        5203.    5.892E-12
        5204.    5.863E-12
        5205.    5.952E-12
        5207.    5.939E-12
        5208.    5.888E-12
        5210.    5.962E-12
        5211.    6.009E-12
        5212.    5.907E-12
        5214.    5.841E-12
        5215.    5.876E-12
        5217.    5.883E-12
        5218.    5.906E-12
        5219.    5.869E-12
        5221.    5.896E-12
        5222.    5.909E-12
        5224.    5.913E-12
        5225.    5.854E-12
        5226.    6.004E-12
        5228.    5.863E-12
        5229.    5.792E-12
        5231.    5.905E-12
        5232.    5.929E-12
        5233.    5.902E-12
        5235.    5.813E-12
        5236.    5.749E-12
        5238.    5.753E-12
        5239.    5.602E-12
        5240.    5.548E-12
        5242.    5.645E-12
        5243.    5.746E-12
        5245.    5.843E-12
        5246.    5.890E-12
        5247.    5.775E-12
        5249.    5.618E-12
        5250.    5.546E-12
        5252.    5.567E-12
        5253.    5.649E-12
        5254.    5.717E-12
        5256.    5.782E-12
        5257.    5.856E-12
        5259.    5.838E-12
        5260.    5.762E-12
        5261.    5.768E-12
        5263.    5.828E-12
        5264.    5.778E-12
        5266.    5.685E-12
        5267.    5.684E-12
        5268.    5.697E-12
        5270.    5.668E-12
        5271.    5.612E-12
        5273.    5.622E-12
        5274.    5.678E-12
        5275.    5.669E-12
        5277.    5.655E-12
        5278.    5.663E-12
        5280.    5.607E-12
        5281.    5.603E-12
        5282.    5.629E-12
        5284.    5.700E-12
        5285.    5.689E-12
        5287.    5.580E-12
        5288.    5.529E-12
        5289.    5.568E-12
        5291.    5.664E-12
        5292.    5.701E-12
        5294.    5.681E-12
        5295.    5.605E-12
        5296.    5.462E-12
        5298.    5.413E-12
        5299.    5.470E-12
        5301.    5.561E-12
        5302.    5.628E-12
        5303.    5.632E-12
        5305.    5.586E-12
        5306.    5.557E-12
        5308.    5.569E-12
        5309.    5.540E-12
        5310.    5.503E-12
        5312.    5.550E-12
        5313.    5.573E-12
        5315.    5.498E-12
        5316.    5.488E-12
        5317.    5.487E-12
        5319.    5.474E-12
        5320.    5.463E-12
        5322.    5.552E-12
        5323.    5.555E-12
        5324.    5.508E-12
        5326.    5.531E-12
        5327.    5.475E-12
        5329.    5.426E-12
        5330.    5.402E-12
        5331.    5.420E-12
        5333.    5.448E-12
        5334.    5.491E-12
        5336.    5.498E-12
        5337.    5.490E-12
        5338.    5.448E-12
        5340.    5.467E-12
        5341.    5.486E-12
        5343.    5.415E-12
        5344.    5.353E-12
        5345.    5.260E-12
        5347.    5.364E-12
        5348.    5.459E-12
        5350.    5.415E-12
        5351.    5.382E-12
        5352.    5.448E-12
        5354.    5.541E-12
        5355.    5.518E-12
        5357.    5.464E-12
        5358.    5.402E-12
        5359.    5.294E-12
        5361.    5.140E-12
        5362.    5.074E-12
        5364.    5.062E-12
        5365.    5.125E-12
        5366.    5.255E-12
        5368.    5.286E-12
        5369.    5.292E-12
        5371.    5.310E-12
        5372.    5.291E-12
        5373.    5.321E-12
        5375.    5.295E-12
        5376.    5.208E-12
        5378.    5.289E-12
        5379.    5.302E-12
        5380.    5.279E-12
        5382.    5.227E-12
        5383.    5.155E-12
        5385.    5.314E-12
        5386.    5.325E-12
        5387.    5.285E-12
        5389.    5.263E-12
        5390.    5.245E-12
        5392.    5.237E-12
        5393.    5.217E-12
        5394.    5.184E-12
        5396.    5.192E-12
        5397.    5.255E-12
        5399.    5.322E-12
        5400.    5.361E-12
        5401.    5.269E-12
        5403.    5.237E-12
        5404.    5.200E-12
        5406.    5.186E-12
        5407.    5.253E-12
        5408.    5.202E-12
        5410.    5.173E-12
        5411.    5.174E-12
        5413.    5.115E-12
        5414.    5.172E-12
        5415.    5.215E-12
        5417.    5.209E-12
        5418.    5.215E-12
        5420.    5.180E-12
        5421.    5.134E-12
        5422.    5.157E-12
        5424.    5.101E-12
        5425.    5.126E-12
        5427.    5.134E-12
        5428.    5.097E-12
        5429.    5.086E-12
        5431.    4.935E-12
        5432.    4.930E-12
        5434.    5.025E-12
        5435.    5.001E-12
        5436.    4.956E-12
        5438.    4.990E-12
        5439.    5.041E-12
        5441.    5.081E-12
        5442.    5.033E-12
        5443.    4.998E-12
        5445.    5.030E-12
        5446.    4.962E-12
        5448.    4.899E-12
        5449.    4.914E-12
        5450.    4.977E-12
        5452.    5.064E-12
        5453.    5.074E-12
        5455.    4.942E-12
        5456.    4.814E-12
        5457.    4.834E-12
        5459.    4.897E-12
        5460.    4.931E-12
        5462.    4.855E-12
        5463.    4.865E-12
        5464.    4.900E-12
        5466.    4.963E-12
        5467.    4.976E-12
        5469.    4.821E-12
        5470.    4.865E-12
        5471.    4.926E-12
        5473.    4.921E-12
        5474.    5.079E-12
        5476.    5.026E-12
        5477.    4.898E-12
        5478.    4.875E-12
        5480.    4.946E-12
        5481.    4.877E-12
        5483.    4.873E-12
        5484.    4.851E-12
        5485.    4.845E-12
        5487.    4.904E-12
        5488.    4.918E-12
        5490.    4.867E-12
        5491.    4.861E-12
        5492.    4.927E-12
        5494.    4.999E-12
        5495.    5.003E-12
        5497.    5.017E-12
        5498.    4.911E-12
        5499.    4.867E-12
        5501.    4.845E-12
        5502.    4.830E-12
        5504.    4.836E-12
        5505.    4.822E-12
        5506.    4.807E-12
        5508.    4.683E-12
        5509.    4.733E-12
        5511.    4.793E-12
        5512.    4.856E-12
        5513.    4.919E-12
        5515.    4.932E-12
        5516.    4.889E-12
        5518.    4.857E-12
        5519.    4.891E-12
        5520.    4.842E-12
        5522.    4.827E-12
        5523.    4.905E-12
        5525.    4.875E-12
        5526.    4.831E-12
        5527.    4.821E-12
        5529.    4.799E-12
        5530.    4.759E-12
        5532.    4.703E-12
        5533.    4.705E-12
        5534.    4.736E-12
        5536.    4.738E-12
        5537.    4.729E-12
        5539.    4.695E-12
        5540.    4.655E-12
        5541.    4.655E-12
        5543.    4.654E-12
        5544.    4.695E-12
        5546.    4.735E-12
        5547.    4.702E-12
        5548.    4.736E-12
        5550.    4.752E-12
        5551.    4.703E-12
        5553.    4.689E-12
        5554.    4.672E-12
        5555.    4.674E-12
        5557.    4.722E-12
        5558.    4.760E-12
        5560.    4.754E-12
        5561.    4.745E-12
        5562.    4.720E-12
        5564.    4.676E-12
        5565.    4.618E-12
        5567.    4.560E-12
        5568.    4.558E-12
        5569.    4.518E-12
        5571.    4.500E-12
        5572.    4.551E-12
        5574.    4.615E-12
        5575.    4.674E-12
        5576.    4.647E-12
        5578.    4.645E-12
        5579.    4.721E-12
        5581.    4.678E-12
        5582.    4.624E-12
        5583.    4.601E-12
        5585.    4.593E-12
        5586.    4.670E-12
        5588.    4.704E-12
        5589.    4.671E-12
        5590.    4.657E-12
        5592.    4.588E-12
        5593.    4.593E-12
        5595.    4.619E-12
        5596.    4.637E-12
        5597.    4.707E-12
        5599.    4.660E-12
        5600.    4.574E-12
        5602.    4.511E-12
        5603.    4.457E-12
        5604.    4.537E-12
        5606.    4.601E-12
        5607.    4.609E-12
        5609.    4.638E-12
        5610.    4.579E-12
        5611.    4.470E-12
        5613.    4.489E-12
        5614.    4.541E-12
        5616.    4.592E-12
        5617.    4.599E-12
        5618.    4.526E-12
        5620.    4.491E-12
        5621.    4.495E-12
        5623.    4.457E-12
        5624.    4.491E-12
        5625.    4.533E-12
        5627.    4.494E-12
        5628.    4.486E-12
        5630.    4.528E-12
        5631.    4.568E-12
        5632.    4.552E-12
        5634.    4.486E-12
        5635.    4.414E-12
        5637.    4.416E-12
        5638.    4.416E-12
        5639.    4.444E-12
        5641.    4.439E-12
        5642.    4.446E-12
        5644.    4.475E-12
        5645.    4.522E-12
        5646.    4.558E-12
        5648.    4.478E-12
        5649.    4.468E-12
        5651.    4.492E-12
        5652.    4.485E-12
        5653.    4.544E-12
        5655.    4.500E-12
        5656.    4.397E-12
        5658.    4.339E-12
        5659.    4.323E-12
        5660.    4.327E-12
        5662.    4.312E-12
        5663.    4.281E-12
        5665.    4.339E-12
        5666.    4.356E-12
        5667.    4.334E-12
        5669.    4.322E-12
        5670.    4.272E-12
        5672.    4.353E-12
        5673.    4.335E-12
        5674.    4.325E-12
        5676.    4.402E-12
        5677.    4.390E-12
        5679.    4.343E-12
        5680.    4.298E-12
        5681.    4.293E-12
        5683.    4.281E-12
        5684.    4.271E-12
        5686.    4.317E-12
        5687.    4.394E-12
        5688.    4.408E-12
        5690.    4.354E-12
        5691.    4.353E-12
        5693.    4.377E-12
        5694.    4.410E-12
        5695.    4.345E-12
        5697.    4.244E-12
        5698.    4.230E-12
        5700.    4.235E-12
        5701.    4.285E-12
        5702.    4.293E-12
        5704.    4.210E-12
        5705.    4.164E-12
        5707.    4.166E-12
        5708.    4.210E-12
        5709.    4.281E-12
        5711.    4.337E-12
        5712.    4.381E-12
        5714.    4.324E-12
        5715.    4.235E-12
        5716.    4.229E-12
        5718.    4.197E-12
        5719.    4.189E-12
        5721.    4.184E-12
        5722.    4.106E-12
        5723.    4.087E-12
        5725.    4.139E-12
        5726.    4.158E-12
        5728.    4.136E-12
        5729.    4.176E-12
        5730.    4.203E-12
        5732.    4.209E-12
        5733.    4.146E-12
        5735.    4.164E-12
        5736.    4.163E-12
        5737.    4.120E-12
        5739.    4.122E-12
        5740.    4.167E-12
        5742.    4.200E-12
        5743.    4.202E-12
        5744.    4.131E-12
        5746.    4.067E-12
        5747.    4.036E-12
        5749.    4.063E-12
        5750.    4.138E-12
        5751.    4.169E-12
        5753.    4.179E-12
        5754.    4.192E-12
        5756.    4.193E-12
        5757.    4.219E-12
        5758.    4.190E-12
        5760.    4.208E-12
        5761.    4.193E-12
        5763.    4.172E-12
        5764.    4.229E-12
        5765.    4.187E-12
        5767.    4.111E-12
        5768.    4.137E-12
        5770.    4.122E-12
        5771.    4.077E-12
        5772.    4.093E-12
        5774.    4.090E-12
        5775.    4.035E-12
        5777.    3.961E-12
        5778.    3.921E-12
        5779.    3.763E-12
        5781.    3.660E-12
        5782.    3.732E-12
        5784.    3.866E-12
        5785.    4.007E-12
        5786.    4.039E-12
        5788.    3.989E-12
        5789.    3.947E-12
        5791.    3.936E-12
        5792.    3.890E-12
        5793.    3.885E-12
        5795.    3.943E-12
        5796.    3.961E-12
        5798.    3.928E-12
        5799.    3.916E-12
        5800.    3.964E-12
        5802.    3.966E-12
        5803.    3.961E-12
        5805.    3.986E-12
        5806.    3.994E-12
        5807.    4.003E-12
        5809.    3.936E-12
        5810.    3.886E-12
        5812.    3.944E-12
        5813.    3.983E-12
        5814.    3.986E-12
        5816.    3.981E-12
        5817.    3.996E-12
        5819.    4.010E-12
        5820.    4.023E-12
        5821.    4.041E-12
        5823.    4.045E-12
        5824.    4.017E-12
        5826.    3.980E-12
        5827.    3.952E-12
        5828.    3.943E-12
        5830.    3.980E-12
        5831.    3.979E-12
        5833.    3.949E-12
        5834.    3.957E-12
        5835.    3.957E-12
        5837.    3.930E-12
        5838.    3.917E-12
        5840.    3.935E-12
        5841.    4.015E-12
        5842.    4.004E-12
        5844.    3.989E-12
        5845.    3.956E-12
        5847.    3.936E-12
        5848.    3.925E-12
        5849.    3.905E-12
        5851.    3.925E-12
        5852.    3.864E-12
        5854.    3.909E-12
        5855.    3.939E-12
        5856.    3.905E-12
        5858.    3.912E-12
        5859.    3.949E-12
        5861.    3.980E-12
        5862.    3.999E-12
        5863.    3.917E-12
        5865.    3.883E-12
        5866.    3.961E-12
        5868.    3.926E-12
        5869.    3.913E-12
        5870.    3.853E-12
        5872.    3.671E-12
        5873.    3.613E-12
        5875.    3.697E-12
        5876.    3.806E-12
        5877.    3.874E-12
        5879.    3.896E-12
        5880.    3.812E-12
        5882.    3.832E-12
        5883.    3.857E-12
        5884.    3.790E-12
        5886.    3.773E-12
        5887.    3.743E-12
        5889.    3.491E-12
        5890.    3.284E-12
        5891.    3.304E-12
        5893.    3.404E-12
        5894.    3.418E-12
        5896.    3.290E-12
        5897.    3.325E-12
        5898.    3.521E-12
        5900.    3.645E-12
        5901.    3.688E-12
        5903.    3.717E-12
        5904.    3.807E-12
        5905.    3.851E-12
        5907.    3.805E-12
        5908.    3.742E-12
        5910.    3.698E-12
        5911.    3.668E-12
        5912.    3.731E-12
        5914.    3.776E-12
        5915.    3.844E-12
        5917.    3.833E-12
        5918.    3.786E-12
        5919.    3.830E-12
        5921.    3.828E-12
        5922.    3.839E-12
        5924.    3.810E-12
        5925.    3.855E-12
        5926.    3.898E-12
        5928.    3.849E-12
        5929.    3.816E-12
        5931.    3.781E-12
        5932.    3.778E-12
        5933.    3.721E-12
        5935.    3.750E-12
        5936.    3.770E-12
        5938.    3.777E-12
        5939.    3.729E-12
        5940.    3.645E-12
        5942.    3.675E-12
        5943.    3.661E-12
        5945.    3.665E-12
        5946.    3.683E-12
        5947.    3.583E-12
        5949.    3.645E-12
        5950.    3.636E-12
        5952.    3.646E-12
        5953.    3.684E-12
        5954.    3.635E-12
        5956.    3.646E-12
        5957.    3.587E-12
        5959.    3.538E-12
        5960.    3.534E-12
        5961.    3.549E-12
        5963.    3.647E-12
        5964.    3.773E-12
        5966.    3.746E-12
        5967.    3.665E-12
        5968.    3.612E-12
        5970.    3.662E-12
        5971.    3.653E-12
        5973.    3.691E-12
        5974.    3.684E-12
        5975.    3.584E-12
        5977.    3.536E-12
        5978.    3.616E-12
        5980.    3.676E-12
        5981.    3.613E-12
        5982.    3.549E-12
        5984.    3.553E-12
        5985.    3.552E-12
        5987.    3.507E-12
        5988.    3.500E-12
        5989.    3.569E-12
        5991.    3.637E-12
        5992.    3.612E-12
        5994.    3.579E-12
        5995.    3.535E-12
        5996.    3.462E-12
        5998.    3.508E-12
        5999.    3.518E-12
        6001.    3.521E-12
        6002.    3.526E-12
        6003.    3.564E-12
        6005.    3.645E-12
        6006.    3.620E-12
        6008.    3.557E-12
        6009.    3.447E-12
        6010.    3.412E-12
        6012.    3.486E-12
        6013.    3.454E-12
        6015.    3.473E-12
        6016.    3.477E-12
        6017.    3.492E-12
        6019.    3.507E-12
        6020.    3.497E-12
        6022.    3.466E-12
        6023.    3.512E-12
        6024.    3.561E-12
        6026.    3.584E-12
        6027.    3.533E-12
        6029.    3.551E-12
        6030.    3.608E-12
        6031.    3.623E-12
        6033.    3.658E-12
        6034.    3.629E-12
        6036.    3.572E-12
        6037.    3.396E-12
        6038.    3.400E-12
        6040.    3.409E-12
        6041.    3.430E-12
        6043.    3.494E-12
        6044.    3.487E-12
        6045.    3.455E-12
        6047.    3.381E-12
        6048.    3.384E-12
        6050.    3.349E-12
        6051.    3.399E-12
        6052.    3.461E-12
        6054.    3.456E-12
        6055.    3.437E-12
        6057.    3.424E-12
        6058.    3.395E-12
        6059.    3.415E-12
        6061.    3.477E-12
        6062.    3.486E-12
        6064.    3.400E-12
        6065.    3.390E-12
        6066.    3.449E-12
        6068.    3.499E-12
        6069.    3.482E-12
        6071.    3.422E-12
        6072.    3.446E-12
        6073.    3.415E-12
        6075.    3.397E-12
        6076.    3.425E-12
        6078.    3.438E-12
        6079.    3.480E-12
        6080.    3.479E-12
        6082.    3.472E-12
        6083.    3.442E-12
        6085.    3.414E-12
        6086.    3.399E-12
        6087.    3.408E-12
        6089.    3.443E-12
        6090.    3.409E-12
        6092.    3.361E-12
        6093.    3.326E-12
        6094.    3.348E-12
        6096.    3.408E-12
        6097.    3.434E-12
        6099.    3.424E-12
        6100.    3.391E-12
        6101.    3.316E-12
        6103.    3.261E-12
        6104.    3.215E-12
        6106.    3.259E-12
        6107.    3.357E-12
        6108.    3.398E-12
        6110.    3.344E-12
        6111.    3.312E-12
        6113.    3.304E-12
        6114.    3.305E-12
        6115.    3.351E-12
        6117.    3.407E-12
        6118.    3.398E-12
        6120.    3.323E-12
        6121.    3.264E-12
        6122.    3.239E-12
        6124.    3.262E-12
        6125.    3.314E-12
        6127.    3.324E-12
        6128.    3.320E-12
        6129.    3.317E-12
        6131.    3.350E-12
        6132.    3.389E-12
        6134.    3.374E-12
        6135.    3.386E-12
        6136.    3.340E-12
        6138.    3.286E-12
        6139.    3.274E-12
        6141.    3.198E-12
        6142.    3.211E-12
        6143.    3.236E-12
        6145.    3.205E-12
        6146.    3.208E-12
        6148.    3.206E-12
        6149.    3.221E-12
        6150.    3.213E-12
        6152.    3.337E-12
        6153.    3.312E-12
        6155.    3.246E-12
        6156.    3.253E-12
        6157.    3.325E-12
        6159.    3.351E-12
        6160.    3.284E-12
        6162.    3.360E-12
        6163.    3.291E-12
        6164.    3.279E-12
        6166.    3.308E-12
        6167.    3.264E-12
        6169.    3.223E-12
        6170.    3.242E-12
        6171.    3.271E-12
        6173.    3.283E-12
        6174.    3.236E-12
        6176.    3.193E-12
        6177.    3.184E-12
        6178.    3.185E-12
        6180.    3.142E-12
        6181.    3.184E-12
        6183.    3.196E-12
        6184.    3.171E-12
        6185.    3.186E-12
        6187.    3.186E-12
        6188.    3.122E-12
        6190.    3.149E-12
        6191.    3.201E-12
        6192.    3.224E-12
        6194.    3.276E-12
        6195.    3.310E-12
        6197.    3.265E-12
        6198.    3.188E-12
        6199.    3.153E-12
        6201.    3.122E-12
        6202.    3.115E-12
        6204.    3.111E-12
        6205.    3.115E-12
        6206.    3.184E-12
        6208.    3.247E-12
        6209.    3.239E-12
        6211.    3.200E-12
        6212.    3.157E-12
        6213.    3.175E-12
        6215.    3.238E-12
        6216.    3.219E-12
        6218.    3.138E-12
        6219.    3.168E-12
        6220.    3.203E-12
        6222.    3.207E-12
        6223.    3.191E-12
        6225.    3.214E-12
        6226.    3.218E-12
        6227.    3.090E-12
        6229.    3.092E-12
        6230.    3.178E-12
        6232.    3.232E-12
        6233.    3.246E-12
        6234.    3.220E-12
        6236.    3.203E-12
        6237.    3.098E-12
        6239.    3.117E-12
        6240.    3.165E-12
        6241.    3.146E-12
        6243.    3.121E-12
        6244.    3.132E-12
        6246.    3.106E-12
        6247.    3.162E-12
        6248.    3.221E-12
        6250.    3.266E-12
        6251.    3.218E-12
        6253.    3.185E-12
        6254.    3.199E-12
        6255.    3.209E-12
        6257.    3.206E-12
        6258.    3.154E-12
        6260.    3.110E-12
        6261.    3.096E-12
        6262.    3.006E-12
        6264.    2.976E-12
        6265.    3.035E-12
        6267.    3.039E-12
        6268.    2.995E-12
        6269.    2.990E-12
        6271.    3.010E-12
        6272.    3.019E-12
        6274.    3.029E-12
        6275.    2.965E-12
        6276.    2.813E-12
        6278.    2.747E-12
        6279.    2.811E-12
        6281.    2.823E-12
        6282.    2.810E-12
        6283.    2.779E-12
        6285.    2.744E-12
        6286.    2.788E-12
        6288.    2.915E-12
        6289.    2.960E-12
        6290.    2.963E-12
        6292.    3.006E-12
        6293.    3.088E-12
        6295.    3.163E-12
        6296.    3.102E-12
        6297.    3.022E-12
        6299.    2.999E-12
        6300.    2.980E-12
        6302.    2.877E-12
        6303.    2.782E-12
        6304.    2.839E-12
        6306.    2.974E-12
        6307.    3.048E-12
        6309.    3.033E-12
        6310.    2.923E-12
        6311.    2.938E-12
        6313.    2.951E-12
        6314.    2.935E-12
        6316.    2.908E-12
        6317.    2.961E-12
        6318.    2.985E-12
        6320.    3.012E-12
        6321.    3.029E-12
        6323.    3.010E-12
        6324.    2.928E-12
        6325.    2.912E-12
        6327.    2.948E-12
        6328.    2.984E-12
        6330.    3.005E-12
        6331.    2.946E-12
        6332.    2.954E-12
        6334.    3.051E-12
        6335.    3.042E-12
        6337.    2.927E-12
        6338.    2.900E-12
        6339.    2.998E-12
        6341.    3.023E-12
        6342.    2.898E-12
        6344.    2.764E-12
        6345.    2.747E-12
        6346.    2.866E-12
        6348.    2.966E-12
        6349.    2.925E-12
        6351.    2.879E-12
        6352.    2.948E-12
        6353.    2.986E-12
        6355.    2.939E-12
        6356.    2.962E-12
        6358.    2.939E-12
        6359.    2.921E-12
        6360.    2.896E-12
        6362.    2.883E-12
        6363.    2.843E-12
        6365.    2.881E-12
        6366.    2.948E-12
        6367.    2.999E-12
        6369.    2.965E-12
        6370.    2.871E-12
        6372.    2.849E-12
        6373.    2.849E-12
        6374.    2.818E-12
        6376.    2.833E-12
        6377.    2.855E-12
        6379.    2.850E-12
        6380.    2.861E-12
        6381.    2.821E-12
        6383.    2.834E-12
        6384.    2.841E-12
        6386.    2.866E-12
        6387.    2.865E-12
        6388.    2.838E-12
        6390.    2.918E-12
        6391.    2.962E-12
        6393.    2.944E-12
        6394.    2.920E-12
        6395.    2.897E-12
        6397.    2.854E-12
        6398.    2.792E-12
        6400.    2.785E-12
        6401.    2.842E-12
        6402.    2.844E-12
        6404.    2.847E-12
        6405.    2.870E-12
        6407.    2.856E-12
        6408.    2.830E-12
        6409.    2.826E-12
        6411.    2.847E-12
        6412.    2.888E-12
        6414.    2.904E-12
        6415.    2.877E-12
        6416.    2.889E-12
        6418.    2.849E-12
        6419.    2.770E-12
        6421.    2.784E-12
        6422.    2.851E-12
        6423.    2.922E-12
        6425.    2.928E-12
        6426.    2.929E-12
        6428.    2.951E-12
        6429.    2.946E-12
        6430.    2.917E-12
        6432.    2.895E-12
        6433.    2.866E-12
        6435.    2.843E-12
        6436.    2.829E-12
        6437.    2.911E-12
        6439.    2.884E-12
        6440.    2.826E-12
        6442.    2.749E-12
        6443.    2.682E-12
        6444.    2.737E-12
        6446.    2.742E-12
        6447.    2.726E-12
        6449.    2.752E-12
        6450.    2.700E-12
        6451.    2.729E-12
        6453.    2.742E-12
        6454.    2.772E-12
        6456.    2.780E-12
        6457.    2.775E-12
        6458.    2.744E-12
        6460.    2.743E-12
        6461.    2.747E-12
        6463.    2.732E-12
        6464.    2.762E-12
        6465.    2.802E-12
        6467.    2.794E-12
        6468.    2.763E-12
        6470.    2.778E-12
        6471.    2.754E-12
        6472.    2.717E-12
        6474.    2.708E-12
        6475.    2.732E-12
        6477.    2.743E-12
        6478.    2.761E-12
        6479.    2.774E-12
        6481.    2.767E-12
        6482.    2.780E-12
        6484.    2.807E-12
        6485.    2.819E-12
        6486.    2.788E-12
        6488.    2.714E-12
        6489.    2.697E-12
        6491.    2.691E-12
        6492.    2.640E-12
        6493.    2.630E-12
        6495.    2.700E-12
        6496.    2.776E-12
        6498.    2.759E-12
        6499.    2.737E-12
        6500.    2.741E-12
        6502.    2.761E-12
        6503.    2.780E-12
        6505.    2.757E-12
        6506.    2.716E-12
        6507.    2.701E-12
        6509.    2.714E-12
        6510.    2.744E-12
        6512.    2.768E-12
        6513.    2.765E-12
        6514.    2.747E-12
        6516.    2.732E-12
        6517.    2.713E-12
        6519.    2.712E-12
        6520.    2.718E-12
        6521.    2.617E-12
        6523.    2.597E-12
        6524.    2.599E-12
        6526.    2.614E-12
        6527.    2.736E-12
        6528.    2.742E-12
        6530.    2.718E-12
        6531.    2.634E-12
        6533.    2.652E-12
        6534.    2.692E-12
        6535.    2.774E-12
        6537.    2.833E-12
        6538.    2.809E-12
        6540.    2.789E-12
        6541.    2.732E-12
        6542.    2.696E-12
        6544.    2.677E-12
        6545.    2.651E-12
        6547.    2.617E-12
        6548.    2.643E-12
        6549.    2.675E-12
        6551.    2.625E-12
        6552.    2.562E-12
        6554.    2.526E-12
        6555.    2.508E-12
        6556.    2.489E-12
        6558.    2.396E-12
        6559.    2.311E-12
        6561.    2.297E-12
        6562.    2.290E-12
        6563.    2.349E-12
        6565.    2.455E-12
        6566.    2.517E-12
        6568.    2.517E-12
        6569.    2.494E-12
        6570.    2.512E-12
        6572.    2.539E-12
        6573.    2.574E-12
        6575.    2.606E-12
        6576.    2.610E-12
        6577.    2.628E-12
        6579.    2.692E-12
        6580.    2.771E-12
        6582.    2.821E-12
        6583.    2.723E-12
        6584.    2.630E-12
        6586.    2.601E-12
        6587.    2.598E-12
        6589.    2.604E-12
        6590.    2.626E-12
        6591.    2.596E-12
        6593.    2.600E-12
        6594.    2.604E-12
        6596.    2.620E-12
        6597.    2.535E-12
        6598.    2.468E-12
        6600.    2.485E-12
        6601.    2.512E-12
        6603.    2.531E-12
        6604.    2.537E-12
        6605.    2.536E-12
        6607.    2.566E-12
        6608.    2.578E-12
        6610.    2.566E-12
        6611.    2.564E-12
        6612.    2.484E-12
        6614.    2.525E-12
        6615.    2.592E-12
        6617.    2.612E-12
        6618.    2.603E-12
        6619.    2.561E-12
        6621.    2.543E-12
        6622.    2.588E-12
        6624.    2.605E-12
        6625.    2.603E-12
        6626.    2.620E-12
        6628.    2.608E-12
        6629.    2.615E-12
        6631.    2.580E-12
        6632.    2.525E-12
        6633.    2.510E-12
        6635.    2.469E-12
        6636.    2.453E-12
        6638.    2.467E-12
        6639.    2.462E-12
        6640.    2.496E-12
        6642.    2.498E-12
        6643.    2.450E-12
        6645.    2.477E-12
        6646.    2.543E-12
        6647.    2.601E-12
        6649.    2.621E-12
        6650.    2.589E-12
        6652.    2.560E-12
        6653.    2.516E-12
        6654.    2.439E-12
        6656.    2.450E-12
        6657.    2.503E-12
        6659.    2.511E-12
        6660.    2.472E-12
        6661.    2.425E-12
        6663.    2.352E-12
        6664.    2.330E-12
        6666.    2.339E-12
        6667.    2.372E-12
        6668.    2.388E-12
        6670.    2.407E-12
        6671.    2.409E-12
        6673.    2.387E-12
        6674.    2.383E-12
        6675.    2.400E-12
        6677.    2.408E-12
        6678.    2.478E-12
        6680.    2.450E-12
        6681.    2.463E-12
        6682.    2.501E-12
        6684.    2.485E-12
        6685.    2.447E-12
        6687.    2.447E-12
        6688.    2.403E-12
        6689.    2.345E-12
        6691.    2.372E-12
        6692.    2.426E-12
        6694.    2.449E-12
        6695.    2.453E-12
        6696.    2.452E-12
        6698.    2.445E-12
        6699.    2.438E-12
        6701.    2.436E-12
        6702.    2.457E-12
        6703.    2.440E-12
        6705.    2.407E-12
        6706.    2.393E-12
        6708.    2.372E-12
        6709.    2.370E-12
        6710.    2.377E-12
        6712.    2.382E-12
        6713.    2.368E-12
        6715.    2.332E-12
        6716.    2.333E-12
        6717.    2.372E-12
        6719.    2.414E-12
        6720.    2.438E-12
        6722.    2.425E-12
        6723.    2.368E-12
        6724.    2.309E-12
        6726.    2.285E-12
        6727.    2.307E-12
        6729.    2.322E-12
        6730.    2.350E-12
        6731.    2.387E-12
        6733.    2.362E-12
        6734.    2.354E-12
        6736.    2.329E-12
        6737.    2.271E-12
        6738.    2.177E-12
        6740.    2.262E-12
        6741.    2.360E-12
        6743.    2.416E-12
        6744.    2.394E-12
        6745.    2.353E-12
        6747.    2.330E-12
        6748.    2.296E-12
        6750.    2.267E-12
        6751.    2.292E-12
        6752.    2.333E-12
        6754.    2.370E-12
        6755.    2.371E-12
        6757.    2.422E-12
        6758.    2.377E-12
        6759.    2.347E-12
        6761.    2.353E-12
        6762.    2.390E-12
        6764.    2.417E-12
        6765.    2.406E-12
        6766.    2.387E-12
        6768.    2.400E-12
        6769.    2.350E-12
        6771.    2.312E-12
        6772.    2.318E-12
        6773.    2.310E-12
        6775.    2.338E-12
        6776.    2.387E-12
        6778.    2.394E-12
        6779.    2.380E-12
        6780.    2.336E-12
        6782.    2.293E-12
        6783.    2.285E-12
        6785.    2.278E-12
        6786.    2.313E-12
        6787.    2.352E-12
        6789.    2.346E-12
        6790.    2.339E-12
        6792.    2.327E-12
        6793.    2.345E-12
        6794.    2.397E-12
        6796.    2.414E-12
        6797.    2.375E-12
        6799.    2.359E-12
        6800.    2.368E-12
        6801.    2.311E-12
        6803.    2.268E-12
        6804.    2.259E-12
        6806.    2.298E-12
        6807.    2.308E-12
        6808.    2.328E-12
        6810.    2.335E-12
        6811.    2.304E-12
        6813.    2.249E-12
        6814.    2.223E-12
        6815.    2.219E-12
        6817.    2.261E-12
        6818.    2.239E-12
        6820.    2.237E-12
        6821.    2.247E-12
        6822.    2.272E-12
        6824.    2.357E-12
        6825.    2.404E-12
        6827.    2.390E-12
        6828.    2.342E-12
        6829.    2.296E-12
        6831.    2.274E-12
        6832.    2.306E-12
        6834.    2.323E-12
        6835.    2.313E-12
        6836.    2.277E-12
        6838.    2.260E-12
        6839.    2.241E-12
        6841.    2.241E-12
        6842.    2.263E-12
        6843.    2.261E-12
        6845.    2.234E-12
        6846.    2.226E-12
        6848.    2.244E-12
        6849.    2.237E-12
        6850.    2.248E-12
        6852.    2.260E-12
        6853.    2.206E-12
        6855.    2.186E-12
        6856.    2.186E-12
        6857.    2.170E-12
        6859.    2.152E-12
        6860.    2.180E-12
        6862.    2.222E-12
        6863.    2.183E-12
        6864.    2.135E-12
        6866.    2.026E-12
        6867.    1.803E-12
        6869.    1.618E-12
        6870.    1.571E-12
        6871.    1.578E-12
        6873.    1.615E-12
        6874.    1.658E-12
        6876.    1.723E-12
        6877.    1.796E-12
        6878.    1.886E-12
        6880.    1.998E-12
        6881.    2.045E-12
        6883.    2.093E-12
        6884.    2.107E-12
        6885.    2.001E-12
        6887.    1.933E-12
        6888.    1.910E-12
        6890.    1.919E-12
        6891.    1.927E-12
        6892.    1.905E-12
        6894.    1.945E-12
        6895.    1.976E-12
        6897.    1.952E-12
        6898.    1.952E-12
        6899.    1.926E-12
        6901.    1.967E-12
        6902.    2.000E-12
        6904.    1.941E-12
        6905.    1.931E-12
        6906.    1.925E-12
        6908.    1.917E-12
        6909.    1.954E-12
        6911.    1.998E-12
        6912.    2.019E-12
        6913.    2.017E-12
        6915.    2.005E-12
        6916.    2.004E-12
        6918.    2.017E-12
        6919.    2.077E-12
        6920.    2.165E-12
        6922.    2.194E-12
        6923.    2.144E-12
        6925.    2.123E-12
        6926.    2.135E-12
        6927.    2.148E-12
        6929.    2.118E-12
        6930.    2.057E-12
        6932.    2.034E-12
        6933.    2.044E-12
        6934.    2.047E-12
        6936.    2.035E-12
        6937.    2.024E-12
        6939.    2.026E-12
        6940.    2.024E-12
        6941.    2.008E-12
        6943.    2.014E-12
        6944.    2.015E-12
        6946.    2.023E-12
        6947.    2.041E-12
        6948.    2.070E-12
        6950.    2.104E-12
        6951.    2.085E-12
        6953.    2.083E-12
        6954.    2.073E-12
        6955.    2.049E-12
        6957.    2.091E-12
        6958.    2.126E-12
        6960.    2.131E-12
        6961.    2.123E-12
        6962.    2.105E-12
        6964.    2.138E-12
        6965.    2.169E-12
        6967.    2.186E-12
        6968.    2.151E-12
        6969.    2.184E-12
        6971.    2.169E-12
        6972.    2.188E-12
        6974.    2.186E-12
        6975.    2.168E-12
        6976.    2.127E-12
        6978.    2.137E-12
        6979.    2.164E-12
        6981.    2.176E-12
        6982.    2.176E-12
        6983.    2.141E-12
        6985.    2.110E-12
        6986.    2.088E-12
        6988.    2.014E-12
        6989.    2.030E-12
        6990.    2.060E-12
        6992.    2.057E-12
        6993.    2.064E-12
        6995.    2.058E-12
        6996.    2.002E-12
        6997.    1.988E-12
        6999.    2.038E-12
        7000.    2.079E-12
        7002.    2.105E-12
        7003.    2.085E-12
        7004.    2.051E-12
        7006.    2.052E-12
        7007.    2.061E-12
        7009.    2.055E-12
        7010.    2.052E-12
        7011.    2.076E-12
        7013.    2.096E-12
        7014.    2.095E-12
        7016.    2.058E-12
        7017.    2.050E-12
        7018.    2.107E-12
        7020.    2.154E-12
        7021.    2.148E-12
        7023.    2.071E-12
        7024.    2.015E-12
        7025.    1.988E-12
        7027.    1.975E-12
        7028.    1.966E-12
        7030.    2.000E-12
        7031.    2.058E-12
        7032.    2.126E-12
        7034.    2.165E-12
        7035.    2.150E-12
        7037.    2.112E-12
        7038.    2.043E-12
        7039.    2.041E-12
        7041.    2.087E-12
        7042.    2.121E-12
        7044.    2.056E-12
        7045.    2.032E-12
        7046.    2.072E-12
        7048.    2.127E-12
        7049.    2.102E-12
        7051.    2.058E-12
        7052.    2.056E-12
        7053.    2.086E-12
        7055.    2.138E-12
        7056.    2.156E-12
        7058.    2.132E-12
        7059.    2.066E-12
        7060.    2.033E-12
        7062.    2.041E-12
        7063.    2.025E-12
        7065.    1.993E-12
        7066.    1.979E-12
        7067.    2.005E-12
        7069.    2.063E-12
        7070.    2.069E-12
        7072.    2.076E-12
        7073.    2.060E-12
        7074.    2.020E-12
        7076.    2.027E-12
        7077.    2.053E-12
        7079.    2.026E-12
        7080.    2.002E-12
        7081.    2.042E-12
        7083.    2.090E-12
        7084.    2.095E-12
        7086.    2.039E-12
        7087.    1.989E-12
        7088.    1.977E-12
        7090.    1.982E-12
        7091.    2.000E-12
        7093.    1.995E-12
        7094.    1.999E-12
        7095.    2.001E-12
        7097.    2.010E-12
        7098.    1.979E-12
        7100.    1.918E-12
        7101.    1.899E-12
        7102.    1.934E-12
        7104.    1.948E-12
        7105.    1.990E-12
        7107.    2.029E-12
        7108.    2.049E-12
        7109.    2.054E-12
        7111.    2.064E-12
        7112.    2.121E-12
        7114.    2.144E-12
        7115.    2.060E-12
        7116.    1.963E-12
        7118.    2.003E-12
        7119.    2.086E-12
        7121.    2.074E-12
        7122.    2.029E-12
        7123.    2.054E-12
        7125.    2.072E-12
        7126.    2.087E-12
        7128.    2.079E-12
        7129.    2.081E-12
        7130.    2.074E-12
        7132.    2.135E-12
        7133.    2.193E-12
        7135.    2.171E-12
        7136.    2.097E-12
        7137.    2.034E-12
        7139.    1.996E-12
        7140.    1.939E-12
        7142.    1.923E-12
        7143.    1.976E-12
        7144.    2.029E-12
        7146.    2.072E-12
        7147.    2.056E-12
        7149.    2.035E-12
        7150.    2.059E-12
        7151.    2.082E-12
        7153.    2.141E-12
        7154.    2.101E-12
        7156.    2.005E-12
        7157.    2.026E-12
        7158.    2.052E-12
        7160.    2.049E-12
        7161.    2.003E-12
        7163.    1.935E-12
        7164.    1.898E-12
        7165.    1.859E-12
        7167.    1.834E-12
        7168.    1.838E-12
        7170.    1.837E-12
        7171.    1.806E-12
        7172.    1.767E-12
        7174.    1.745E-12
        7175.    1.706E-12
        7177.    1.674E-12
        7178.    1.721E-12
        7179.    1.778E-12
        7181.    1.801E-12
        7182.    1.766E-12
        7184.    1.722E-12
        7185.    1.683E-12
        7186.    1.647E-12
        7188.    1.770E-12
        7189.    1.800E-12
        7191.    1.792E-12
        7192.    1.789E-12
        7193.    1.826E-12
        7195.    1.804E-12
        7196.    1.839E-12
        7198.    1.807E-12
        7199.    1.749E-12
        7200.    1.675E-12
        7202.    1.752E-12
        7203.    1.782E-12
        7205.    1.753E-12
        7206.    1.766E-12
        7207.    1.806E-12
        7209.    1.840E-12
        7210.    1.874E-12
        7212.    1.952E-12
        7213.    2.020E-12
        7214.    2.020E-12
        7216.    2.008E-12
        7217.    2.027E-12
        7219.    2.130E-12
        7220.    2.098E-12
        7221.    1.998E-12
        7223.    1.957E-12
        7224.    1.924E-12
        7226.    1.931E-12
        7227.    1.976E-12
        7228.    1.979E-12
        7230.    1.947E-12
        7231.    1.899E-12
        7233.    1.806E-12
        7234.    1.710E-12
        7235.    1.728E-12
        7237.    1.860E-12
        7238.    1.898E-12
        7240.    1.896E-12
        7241.    1.902E-12
        7242.    1.873E-12
        7244.    1.824E-12
        7245.    1.834E-12
        7247.    1.909E-12
        7248.    1.969E-12
        7249.    2.024E-12
        7251.    2.023E-12
        7252.    1.916E-12
        7254.    1.879E-12
        7255.    1.870E-12
        7256.    1.870E-12
        7258.    1.897E-12
        7259.    1.913E-12
        7261.    1.907E-12
        7262.    1.885E-12
        7263.    1.823E-12
        7265.    1.797E-12
        7266.    1.877E-12
        7268.    1.985E-12
        7269.    1.919E-12
        7270.    1.886E-12
        7272.    1.796E-12
        7273.    1.754E-12
        7275.    1.720E-12
        7276.    1.645E-12
        7277.    1.647E-12
        7279.    1.715E-12
        7280.    1.788E-12
        7282.    1.858E-12
        7283.    1.906E-12
        7284.    1.910E-12
        7286.    1.782E-12
        7287.    1.717E-12
        7289.    1.702E-12
        7290.    1.676E-12
        7291.    1.679E-12
        7293.    1.737E-12
        7294.    1.827E-12
        7296.    1.806E-12
        7297.    1.767E-12
        7298.    1.798E-12
        7300.    1.828E-12
        7301.    1.846E-12
        7303.    1.795E-12
        7304.    1.746E-12
        7305.    1.813E-12
        7307.    1.863E-12
        7308.    1.804E-12
        7310.    1.709E-12
        7311.    1.694E-12
        7312.    1.741E-12
        7314.    1.738E-12
        7315.    1.750E-12
        7317.    1.738E-12
        7318.    1.745E-12
        7319.    1.774E-12
        7321.    1.778E-12
        7322.    1.787E-12
        7324.    1.786E-12
        7325.    1.798E-12
        7326.    1.839E-12
        7328.    1.812E-12
        7329.    1.811E-12
        7331.    1.857E-12
        7332.    1.845E-12
        7333.    1.812E-12
        7335.    1.821E-12
        7336.    1.808E-12
        7338.    1.802E-12
        7339.    1.827E-12
        7340.    1.845E-12
        7342.    1.822E-12
        7343.    1.753E-12
        7345.    1.753E-12
        7346.    1.759E-12
        7347.    1.747E-12
        7349.    1.678E-12
        7350.    1.615E-12
        7352.    1.667E-12
        7353.    1.741E-12
        7354.    1.802E-12
        7356.    1.816E-12
        7357.    1.844E-12
        7359.    1.837E-12
        7360.    1.828E-12
        7361.    1.793E-12
        7363.    1.721E-12
        7364.    1.673E-12
        7366.    1.618E-12
        7367.    1.675E-12
        7368.    1.744E-12
        7370.    1.771E-12
        7371.    1.825E-12
        7373.    1.882E-12
        7374.    1.841E-12
        7375.    1.748E-12
        7377.    1.717E-12
        7378.    1.717E-12
        7380.    1.726E-12
        7381.    1.740E-12
        7382.    1.757E-12
        7384.    1.763E-12
        7385.    1.776E-12
        7387.    1.785E-12
        7388.    1.759E-12
        7389.    1.731E-12
        7391.    1.748E-12
        7392.    1.757E-12
        7394.    1.753E-12
        7395.    1.727E-12
        7396.    1.676E-12
        7398.    1.666E-12
        7399.    1.670E-12
        7401.    1.708E-12
        7402.    1.736E-12
        7403.    1.713E-12
        7405.    1.692E-12
        7406.    1.637E-12
        7408.    1.608E-12
        7409.    1.631E-12
        7410.    1.695E-12
        7412.    1.706E-12
        7413.    1.723E-12
        7415.    1.789E-12
        7416.    1.853E-12
        7417.    1.839E-12
        7419.    1.838E-12
        7420.    1.823E-12
        7422.    1.787E-12
        7423.    1.778E-12
        7424.    1.706E-12
        7426.    1.632E-12
        7427.    1.628E-12
