        3510.    1.511E-13
        3511.    1.600E-13
        3513.    1.527E-13
        3514.    1.392E-13
        3516.    1.539E-13
        3517.    1.648E-13
        3518.    1.475E-13
        3520.    1.484E-13
        3521.    1.342E-13
        3523.    1.156E-13
        3524.    1.259E-13
        3525.    1.472E-13
        3527.    1.707E-13
        3528.    1.909E-13
        3530.    1.878E-13
        3531.    1.944E-13
        3532.    1.892E-13
        3534.    1.804E-13
        3535.    1.844E-13
        3537.    2.089E-13
        3538.    2.259E-13
        3539.    2.235E-13
        3541.    1.959E-13
        3542.    1.750E-13
        3544.    1.760E-13
        3545.    2.098E-13
        3546.    2.396E-13
        3548.    1.746E-13
        3549.    1.284E-13
        3551.    1.387E-13
        3552.    1.505E-13
        3553.    1.447E-13
        3555.    1.364E-13
        3556.    1.429E-13
        3558.    1.381E-13
        3559.    1.427E-13
        3560.    1.401E-13
        3562.    1.350E-13
        3563.    1.307E-13
        3565.    1.288E-13
        3566.    1.314E-13
        3567.    1.291E-13
        3569.    1.264E-13
        3570.    1.299E-13
        3572.    1.399E-13
        3573.    1.526E-13
        3574.    1.582E-13
        3576.    1.368E-13
        3577.    9.879E-14
        3579.    7.215E-14
        3580.    6.709E-14
        3581.    7.234E-14
        3583.    7.749E-14
        3584.    8.088E-14
        3586.    7.767E-14
        3587.    9.120E-14
        3588.    1.110E-13
        3590.    1.260E-13
        3591.    1.406E-13
        3593.    1.555E-13
        3594.    1.585E-13
        3595.    2.024E-13
        3597.    2.020E-13
        3598.    2.152E-13
        3600.    2.229E-13
        3601.    2.077E-13
        3602.    1.841E-13
        3604.    1.841E-13
        3605.    1.902E-13
        3607.    1.697E-13
        3608.    1.650E-13
        3609.    1.814E-13
        3611.    2.001E-13
        3612.    2.105E-13
        3614.    1.966E-13
        3615.    1.876E-13
        3616.    1.712E-13
        3618.    1.628E-13
        3619.    1.743E-13
        3621.    1.978E-13
        3622.    2.101E-13
        3623.    1.993E-13
        3625.    2.060E-13
        3626.    2.168E-13
        3628.    2.044E-13
        3629.    1.786E-13
        3630.    1.613E-13
        3632.    1.710E-13
        3633.    1.842E-13
        3635.    1.828E-13
        3636.    1.804E-13
        3637.    1.930E-13
        3639.    2.192E-13
        3640.    2.314E-13
        3642.    2.082E-13
        3643.    2.012E-13
        3644.    2.050E-13
        3646.    1.932E-13
        3647.    1.764E-13
        3649.    1.917E-13
        3650.    2.021E-13
        3651.    2.141E-13
        3653.    2.390E-13
        3654.    2.588E-13
        3656.    2.635E-13
        3657.    2.573E-13
        3658.    2.582E-13
        3660.    2.664E-13
        3661.    2.607E-13
        3663.    2.482E-13
        3664.    2.414E-13
        3665.    2.381E-13
        3667.    2.345E-13
        3668.    2.263E-13
        3670.    2.419E-13
        3671.    2.600E-13
        3672.    2.603E-13
        3674.    2.589E-13
        3675.    2.516E-13
        3677.    2.239E-13
        3678.    1.924E-13
        3679.    1.868E-13
        3681.    2.018E-13
        3682.    2.222E-13
        3684.    2.335E-13
        3685.    2.268E-13
        3686.    2.108E-13
        3688.    2.048E-13
        3689.    2.177E-13
        3691.    2.382E-13
        3692.    2.502E-13
        3693.    2.438E-13
        3695.    2.378E-13
        3696.    2.425E-13
        3698.    2.551E-13
        3699.    2.746E-13
        3700.    2.762E-13
        3702.    2.579E-13
        3703.    2.347E-13
        3705.    2.086E-13
        3706.    1.909E-13
        3707.    1.918E-13
        3709.    2.031E-13
        3710.    2.266E-13
        3712.    2.718E-13
        3713.    3.051E-13
        3714.    3.028E-13
        3716.    2.825E-13
        3717.    2.552E-13
        3719.    2.103E-13
        3720.    1.634E-13
        3721.    1.544E-13
        3723.    1.744E-13
        3724.    2.034E-13
        3726.    2.162E-13
        3727.    2.180E-13
        3728.    2.113E-13
        3730.    1.856E-13
        3731.    1.730E-13
        3733.    1.597E-13
        3734.    1.428E-13
        3735.    1.341E-13
        3737.    1.431E-13
        3738.    1.771E-13
        3740.    2.087E-13
        3741.    2.140E-13
        3742.    1.878E-13
        3744.    1.635E-13
        3745.    1.583E-13
        3747.    1.502E-13
        3748.    1.359E-13
        3749.    1.406E-13
        3751.    1.761E-13
        3752.    2.079E-13
        3754.    2.371E-13
        3755.    2.362E-13
        3756.    2.085E-13
        3758.    1.740E-13
        3759.    1.674E-13
        3761.    1.902E-13
        3762.    2.080E-13
        3763.    2.093E-13
        3765.    2.018E-13
        3766.    2.008E-13
        3768.    2.052E-13
        3769.    2.285E-13
        3770.    2.506E-13
        3772.    2.623E-13
        3773.    2.559E-13
        3775.    2.564E-13
        3776.    2.827E-13
        3777.    2.834E-13
        3779.    2.817E-13
        3780.    2.889E-13
        3782.    2.914E-13
        3783.    2.755E-13
        3784.    2.596E-13
        3786.    2.331E-13
        3787.    2.110E-13
        3789.    2.111E-13
        3790.    2.103E-13
        3791.    2.067E-13
        3793.    2.046E-13
        3794.    1.974E-13
        3796.    1.861E-13
        3797.    1.735E-13
        3798.    1.950E-13
        3800.    2.211E-13
        3801.    2.363E-13
        3803.    2.461E-13
        3804.    2.672E-13
        3805.    2.498E-13
        3807.    2.215E-13
        3808.    2.207E-13
        3810.    2.372E-13
        3811.    2.335E-13
        3812.    2.079E-13
        3814.    1.749E-13
        3815.    1.533E-13
        3817.    1.463E-13
        3818.    1.522E-13
        3819.    1.367E-13
        3821.    1.223E-13
        3822.    1.183E-13
        3824.    1.168E-13
        3825.    1.086E-13
        3826.    1.160E-13
        3828.    1.106E-13
        3829.    1.171E-13
        3831.    1.295E-13
        3832.    1.341E-13
        3833.    1.424E-13
        3835.    1.502E-13
        3836.    1.444E-13
        3838.    1.295E-13
        3839.    1.235E-13
        3840.    1.295E-13
        3842.    1.504E-13
        3843.    1.696E-13
        3845.    1.753E-13
        3846.    1.632E-13
        3847.    1.546E-13
        3849.    1.464E-13
        3850.    1.439E-13
        3852.    1.432E-13
        3853.    1.395E-13
        3854.    1.376E-13
        3856.    1.388E-13
        3857.    1.349E-13
        3859.    1.209E-13
        3860.    1.003E-13
        3861.    1.013E-13
        3863.    1.142E-13
        3864.    1.209E-13
        3866.    1.200E-13
        3867.    1.164E-13
        3868.    1.125E-13
        3870.    1.046E-13
        3871.    1.025E-13
        3873.    1.124E-13
        3874.    1.344E-13
        3875.    1.557E-13
        3877.    1.474E-13
        3878.    1.315E-13
        3880.    1.280E-13
        3881.    1.370E-13
        3882.    1.608E-13
        3884.    1.797E-13
        3885.    1.867E-13
        3887.    1.839E-13
        3888.    1.864E-13
        3889.    2.104E-13
        3891.    2.459E-13
        3892.    2.736E-13
        3894.    2.810E-13
        3895.    2.761E-13
        3896.    2.600E-13
        3898.    2.510E-13
        3899.    2.580E-13
        3901.    2.601E-13
        3902.    2.531E-13
        3903.    2.466E-13
        3905.    2.452E-13
        3906.    2.487E-13
        3908.    2.564E-13
        3909.    2.784E-13
        3910.    2.919E-13
        3912.    2.869E-13
        3913.    2.816E-13
        3915.    2.758E-13
        3916.    2.675E-13
        3917.    2.529E-13
        3919.    2.326E-13
        3920.    2.096E-13
        3922.    2.019E-13
        3923.    2.017E-13
        3924.    1.893E-13
        3926.    1.696E-13
        3927.    1.429E-13
        3929.    1.216E-13
        3930.    1.064E-13
        3931.    8.515E-14
        3933.    6.797E-14
        3934.    6.552E-14
        3936.    8.139E-14
        3937.    1.093E-13
        3938.    1.369E-13
        3940.    1.608E-13
        3941.    1.781E-13
        3943.    1.939E-13
        3944.    2.146E-13
        3945.    2.305E-13
        3947.    2.353E-13
        3948.    2.473E-13
        3950.    2.635E-13
        3951.    2.663E-13
        3952.    2.685E-13
        3954.    2.715E-13
        3955.    2.635E-13
        3957.    2.518E-13
        3958.    2.384E-13
        3959.    2.222E-13
        3961.    1.972E-13
        3962.    1.686E-13
        3964.    1.360E-13
        3965.    1.034E-13
        3966.    8.054E-14
        3968.    7.556E-14
        3969.    9.279E-14
        3971.    1.181E-13
        3972.    1.462E-13
        3973.    1.840E-13
        3975.    2.244E-13
        3976.    2.569E-13
        3978.    2.861E-13
        3979.    3.095E-13
        3980.    3.223E-13
        3982.    3.230E-13
        3983.    3.191E-13
        3985.    3.268E-13
        3986.    3.473E-13
        3987.    3.533E-13
        3989.    3.544E-13
        3990.    3.604E-13
        3992.    3.693E-13
        3993.    3.552E-13
        3994.    3.440E-13
        3996.    3.439E-13
        3997.    3.599E-13
        3999.    3.680E-13
        4000.    3.799E-13
        4001.    3.940E-13
        4003.    3.958E-13
        4004.    3.673E-13
        4006.    3.645E-13
        4007.    3.837E-13
        4008.    4.085E-13
        4010.    4.062E-13
        4011.    4.151E-13
        4013.    4.212E-13
        4014.    4.270E-13
        4015.    4.099E-13
        4017.    3.999E-13
        4018.    3.978E-13
        4020.    4.061E-13
        4021.    4.129E-13
        4022.    4.051E-13
        4024.    4.091E-13
        4025.    4.223E-13
        4027.    4.311E-13
        4028.    4.161E-13
        4029.    3.874E-13
        4031.    3.635E-13
        4032.    3.546E-13
        4034.    3.714E-13
        4035.    4.062E-13
        4036.    4.260E-13
        4038.    4.299E-13
        4039.    4.112E-13
        4041.    4.032E-13
        4042.    3.939E-13
        4043.    3.681E-13
        4045.    3.417E-13
        4046.    3.595E-13
        4048.    3.957E-13
        4049.    4.232E-13
        4050.    4.306E-13
        4052.    4.156E-13
        4053.    3.831E-13
        4055.    3.641E-13
        4056.    3.695E-13
        4057.    3.794E-13
        4059.    3.911E-13
        4060.    3.740E-13
        4062.    3.470E-13
        4063.    3.244E-13
        4064.    3.392E-13
        4066.    3.698E-13
        4067.    3.957E-13
        4069.    4.144E-13
        4070.    3.870E-13
        4071.    3.898E-13
        4073.    3.965E-13
        4074.    3.947E-13
        4076.    3.688E-13
        4077.    3.661E-13
        4078.    3.818E-13
        4080.    4.041E-13
        4081.    4.157E-13
        4083.    4.142E-13
        4084.    4.266E-13
        4085.    4.494E-13
        4087.    4.751E-13
        4088.    4.784E-13
        4090.    4.689E-13
        4091.    4.582E-13
        4092.    4.527E-13
        4094.    4.399E-13
        4095.    4.255E-13
        4097.    4.168E-13
        4098.    4.121E-13
        4099.    3.926E-13
        4101.    3.797E-13
        4102.    3.825E-13
        4104.    4.026E-13
        4105.    4.219E-13
        4106.    4.296E-13
        4108.    4.249E-13
        4109.    4.167E-13
        4111.    4.128E-13
        4112.    4.220E-13
        4113.    4.281E-13
        4115.    4.239E-13
        4116.    4.212E-13
        4118.    4.161E-13
        4119.    4.092E-13
        4120.    4.055E-13
        4122.    4.028E-13
        4123.    4.039E-13
        4125.    4.026E-13
        4126.    3.990E-13
        4127.    3.951E-13
        4129.    3.807E-13
        4130.    3.608E-13
        4132.    3.533E-13
        4133.    3.680E-13
        4134.    3.904E-13
        4136.    4.090E-13
        4137.    4.151E-13
        4139.    4.111E-13
        4140.    3.907E-13
        4141.    3.552E-13
        4143.    3.352E-13
        4144.    3.429E-13
        4146.    3.712E-13
        4147.    3.871E-13
        4148.    3.810E-13
        4150.    3.684E-13
        4151.    3.612E-13
        4153.    3.616E-13
        4154.    3.650E-13
        4155.    3.720E-13
        4157.    3.990E-13
        4158.    4.123E-13
        4160.    4.054E-13
        4161.    4.073E-13
        4162.    4.137E-13
        4164.    4.054E-13
        4165.    3.872E-13
        4167.    3.802E-13
        4168.    3.862E-13
        4169.    3.881E-13
        4171.    3.670E-13
        4172.    3.437E-13
        4174.    3.345E-13
        4175.    3.363E-13
        4176.    3.368E-13
        4178.    3.386E-13
        4179.    3.485E-13
        4181.    3.539E-13
        4182.    3.599E-13
        4183.    3.773E-13
        4185.    3.875E-13
        4186.    3.812E-13
        4188.    3.650E-13
        4189.    3.614E-13
        4190.    3.666E-13
        4192.    3.706E-13
        4193.    3.622E-13
        4195.    3.512E-13
        4196.    3.421E-13
        4197.    3.373E-13
        4199.    3.426E-13
        4200.    3.457E-13
        4202.    3.491E-13
        4203.    3.580E-13
        4204.    3.802E-13
        4206.    4.079E-13
        4207.    4.204E-13
        4209.    4.194E-13
        4210.    4.149E-13
        4211.    4.091E-13
        4213.    3.900E-13
        4214.    3.770E-13
        4216.    3.896E-13
        4217.    4.302E-13
        4218.    4.556E-13
        4220.    4.712E-13
        4221.    4.617E-13
        4223.    4.100E-13
        4224.    3.491E-13
        4225.    3.178E-13
        4227.    3.263E-13
        4228.    3.767E-13
        4230.    4.196E-13
        4231.    4.438E-13
        4232.    4.478E-13
        4234.    4.283E-13
        4235.    4.023E-13
        4237.    3.931E-13
        4238.    4.029E-13
        4239.    4.206E-13
        4241.    4.277E-13
        4242.    4.333E-13
        4244.    4.430E-13
        4245.    4.503E-13
        4246.    4.301E-13
        4248.    4.053E-13
        4249.    3.940E-13
        4251.    3.974E-13
        4252.    3.965E-13
        4253.    3.904E-13
        4255.    4.003E-13
        4256.    4.153E-13
        4258.    4.100E-13
        4259.    3.895E-13
        4260.    3.907E-13
        4262.    4.160E-13
        4263.    4.474E-13
        4265.    4.526E-13
        4266.    4.423E-13
        4267.    4.224E-13
        4269.    4.014E-13
        4270.    3.583E-13
        4272.    3.401E-13
        4273.    3.418E-13
        4274.    3.543E-13
        4276.    3.938E-13
        4277.    4.155E-13
        4279.    4.154E-13
        4280.    4.026E-13
        4281.    4.029E-13
        4283.    3.990E-13
        4284.    3.860E-13
        4286.    3.695E-13
        4287.    3.678E-13
        4288.    3.629E-13
        4290.    3.697E-13
        4291.    3.891E-13
        4293.    4.053E-13
        4294.    4.043E-13
        4295.    3.699E-13
        4297.    3.256E-13
        4298.    2.919E-13
        4300.    2.867E-13
        4301.    2.881E-13
        4302.    2.826E-13
        4304.    2.738E-13
        4305.    2.642E-13
        4307.    2.561E-13
        4308.    2.543E-13
        4309.    2.627E-13
        4311.    2.898E-13
        4312.    3.403E-13
        4314.    4.074E-13
        4315.    4.768E-13
        4316.    5.278E-13
        4318.    5.326E-13
        4319.    5.146E-13
        4321.    4.794E-13
        4322.    4.257E-13
        4323.    3.732E-13
        4325.    3.654E-13
        4326.    3.912E-13
        4328.    4.368E-13
        4329.    4.647E-13
        4330.    4.858E-13
        4332.    5.018E-13
        4333.    5.102E-13
        4335.    5.103E-13
        4336.    4.751E-13
        4337.    4.313E-13
        4339.    4.046E-13
        4340.    4.043E-13
        4342.    4.320E-13
        4343.    4.706E-13
        4344.    5.007E-13
        4346.    5.217E-13
        4347.    5.268E-13
        4349.    5.144E-13
        4350.    4.879E-13
        4351.    4.554E-13
        4353.    4.476E-13
        4354.    4.590E-13
        4356.    4.733E-13
        4357.    4.907E-13
        4358.    5.092E-13
        4360.    5.248E-13
        4361.    5.262E-13
        4363.    5.279E-13
        4364.    5.429E-13
        4365.    5.348E-13
        4367.    5.121E-13
        4368.    5.029E-13
        4370.    4.997E-13
        4371.    4.887E-13
        4372.    4.590E-13
        4374.    4.381E-13
        4375.    4.443E-13
        4377.    4.701E-13
        4378.    4.887E-13
        4379.    4.792E-13
        4381.    4.369E-13
        4382.    3.802E-13
        4384.    3.483E-13
        4385.    3.721E-13
        4386.    4.134E-13
        4388.    4.356E-13
        4389.    4.437E-13
        4391.    4.595E-13
        4392.    4.746E-13
        4393.    4.805E-13
        4395.    4.925E-13
        4396.    5.063E-13
        4398.    5.067E-13
        4399.    4.968E-13
        4400.    4.901E-13
        4402.    4.780E-13
        4403.    4.544E-13
        4405.    4.372E-13
        4406.    4.399E-13
        4407.    4.616E-13
        4409.    5.024E-13
        4410.    5.394E-13
        4412.    5.505E-13
        4413.    5.411E-13
        4414.    5.224E-13
        4416.    5.165E-13
        4417.    5.323E-13
        4419.    5.431E-13
        4420.    5.364E-13
        4421.    5.180E-13
        4423.    5.175E-13
        4424.    5.363E-13
        4426.    5.401E-13
        4427.    5.330E-13
        4428.    5.197E-13
        4430.    5.074E-13
        4431.    5.009E-13
        4433.    4.939E-13
        4434.    4.921E-13
        4435.    4.999E-13
        4437.    5.229E-13
        4438.    5.439E-13
        4440.    5.442E-13
        4441.    5.269E-13
        4442.    5.237E-13
        4444.    5.379E-13
        4445.    5.479E-13
        4447.    5.652E-13
        4448.    5.761E-13
        4449.    5.643E-13
        4451.    5.576E-13
        4452.    5.495E-13
        4454.    5.341E-13
        4455.    5.175E-13
        4456.    5.146E-13
        4458.    5.173E-13
        4459.    5.007E-13
        4461.    4.824E-13
        4462.    5.115E-13
        4463.    5.463E-13
        4465.    5.564E-13
        4466.    5.455E-13
        4468.    5.393E-13
        4469.    5.582E-13
        4470.    5.762E-13
        4472.    5.891E-13
        4473.    5.986E-13
        4475.    6.085E-13
        4476.    6.272E-13
        4477.    6.225E-13
        4479.    6.033E-13
        4480.    5.922E-13
        4482.    6.013E-13
        4483.    6.081E-13
        4484.    6.113E-13
        4486.    6.070E-13
        4487.    5.964E-13
        4489.    5.655E-13
        4490.    5.685E-13
        4491.    5.675E-13
        4493.    5.445E-13
        4494.    5.354E-13
        4496.    5.478E-13
        4497.    5.839E-13
        4498.    5.950E-13
        4500.    5.887E-13
        4501.    6.033E-13
        4503.    6.493E-13
        4504.    6.675E-13
        4505.    6.670E-13
        4507.    6.418E-13
        4508.    6.325E-13
        4510.    6.332E-13
        4511.    6.149E-13
        4512.    5.980E-13
        4514.    6.072E-13
        4515.    6.123E-13
        4517.    6.139E-13
        4518.    6.178E-13
        4519.    6.228E-13
        4521.    6.145E-13
        4522.    5.969E-13
        4524.    5.776E-13
        4525.    5.494E-13
        4526.    5.281E-13
        4528.    5.129E-13
        4529.    5.372E-13
        4531.    5.388E-13
        4532.    5.301E-13
        4533.    5.298E-13
        4535.    5.484E-13
        4536.    5.745E-13
        4538.    5.890E-13
        4539.    5.961E-13
        4540.    5.919E-13
        4542.    5.839E-13
        4543.    5.690E-13
        4545.    5.693E-13
        4546.    5.633E-13
        4547.    5.589E-13
        4549.    5.631E-13
        4550.    5.670E-13
        4552.    5.655E-13
        4553.    5.568E-13
        4554.    5.626E-13
        4556.    5.960E-13
        4557.    6.296E-13
        4559.    6.291E-13
        4560.    6.181E-13
        4561.    6.075E-13
        4563.    5.835E-13
        4564.    5.756E-13
        4566.    5.997E-13
        4567.    6.170E-13
        4568.    6.198E-13
        4570.    6.136E-13
        4571.    6.352E-13
        4573.    6.397E-13
        4574.    6.327E-13
        4575.    6.259E-13
        4577.    6.114E-13
        4578.    5.849E-13
        4580.    5.678E-13
        4581.    5.627E-13
        4582.    5.660E-13
        4584.    5.740E-13
        4585.    5.925E-13
        4587.    6.187E-13
        4588.    6.221E-13
        4589.    6.073E-13
        4591.    5.901E-13
        4592.    5.865E-13
        4594.    5.938E-13
        4595.    5.925E-13
        4596.    5.922E-13
        4598.    5.964E-13
        4599.    6.034E-13
        4601.    6.235E-13
        4602.    6.239E-13
        4603.    6.117E-13
        4605.    6.214E-13
        4606.    6.443E-13
        4608.    6.700E-13
        4609.    6.695E-13
        4610.    6.630E-13
        4612.    6.667E-13
        4613.    6.603E-13
        4615.    6.481E-13
        4616.    6.372E-13
        4617.    6.452E-13
        4619.    6.645E-13
        4620.    6.792E-13
        4622.    6.676E-13
        4623.    6.622E-13
        4624.    6.751E-13
        4626.    6.787E-13
        4627.    6.720E-13
        4629.    6.594E-13
        4630.    6.625E-13
        4631.    6.567E-13
        4633.    6.337E-13
        4634.    6.250E-13
        4636.    6.195E-13
        4637.    6.022E-13
        4638.    5.928E-13
        4640.    6.085E-13
        4641.    6.209E-13
        4643.    6.081E-13
        4644.    5.819E-13
        4645.    5.596E-13
        4647.    5.658E-13
        4648.    5.915E-13
        4650.    6.084E-13
        4651.    6.112E-13
        4652.    6.099E-13
        4654.    6.035E-13
        4655.    5.981E-13
        4657.    6.237E-13
        4658.    6.485E-13
        4659.    6.584E-13
        4661.    6.548E-13
        4662.    6.428E-13
        4664.    6.197E-13
        4665.    5.800E-13
        4666.    5.476E-13
        4668.    5.617E-13
        4669.    6.011E-13
        4671.    6.161E-13
        4672.    6.186E-13
        4673.    6.119E-13
        4675.    6.126E-13
        4676.    6.152E-13
        4678.    6.057E-13
        4679.    6.007E-13
        4680.    6.043E-13
        4682.    6.228E-13
        4683.    6.473E-13
        4685.    6.454E-13
        4686.    6.284E-13
        4687.    6.171E-13
        4689.    6.093E-13
        4690.    6.198E-13
        4692.    6.240E-13
        4693.    6.180E-13
        4694.    6.285E-13
        4696.    6.249E-13
        4697.    5.984E-13
        4699.    5.875E-13
        4700.    5.885E-13
        4701.    5.812E-13
        4703.    5.827E-13
        4704.    5.785E-13
        4706.    5.697E-13
        4707.    5.597E-13
        4708.    5.649E-13
        4710.    5.805E-13
        4711.    5.958E-13
        4713.    6.003E-13
        4714.    6.036E-13
        4715.    6.204E-13
        4717.    6.348E-13
        4718.    6.390E-13
        4720.    6.359E-13
        4721.    6.322E-13
        4722.    6.362E-13
        4724.    6.454E-13
        4725.    6.266E-13
        4727.    5.996E-13
        4728.    5.777E-13
        4729.    5.710E-13
        4731.    5.710E-13
        4732.    5.949E-13
        4734.    6.210E-13
        4735.    6.286E-13
        4736.    6.161E-13
        4738.    6.172E-13
        4739.    6.262E-13
        4741.    6.416E-13
        4742.    6.597E-13
        4743.    6.655E-13
        4745.    6.658E-13
        4746.    6.877E-13
        4748.    6.814E-13
        4749.    6.779E-13
        4750.    6.703E-13
        4752.    6.572E-13
        4753.    6.507E-13
        4755.    6.435E-13
        4756.    6.488E-13
        4757.    6.792E-13
        4759.    7.023E-13
        4760.    6.876E-13
        4762.    6.623E-13
        4763.    6.377E-13
        4764.    6.217E-13
        4766.    6.138E-13
        4767.    6.248E-13
        4769.    6.455E-13
        4770.    6.413E-13
        4771.    6.335E-13
        4773.    6.427E-13
        4774.    6.617E-13
        4776.    6.681E-13
        4777.    6.710E-13
        4778.    6.764E-13
        4780.    6.686E-13
        4781.    6.553E-13
        4783.    6.528E-13
        4784.    6.523E-13
        4785.    6.447E-13
        4787.    6.328E-13
        4788.    6.267E-13
        4790.    6.287E-13
        4791.    6.277E-13
        4792.    6.590E-13
        4794.    6.615E-13
        4795.    6.407E-13
        4797.    6.231E-13
        4798.    6.233E-13
        4799.    6.372E-13
        4801.    6.647E-13
        4802.    6.717E-13
        4804.    6.590E-13
        4805.    6.530E-13
        4806.    6.409E-13
        4808.    6.442E-13
        4809.    6.512E-13
        4811.    6.491E-13
        4812.    6.464E-13
        4813.    6.565E-13
        4815.    6.732E-13
        4816.    6.861E-13
        4818.    6.912E-13
        4819.    6.782E-13
        4820.    6.758E-13
        4822.    6.653E-13
        4823.    6.596E-13
        4825.    6.471E-13
        4826.    6.308E-13
        4827.    6.234E-13
        4829.    6.146E-13
        4830.    6.061E-13
        4832.    6.770E-13
        4833.    6.712E-13
        4834.    6.686E-13
        4836.    6.671E-13
        4837.    6.478E-13
        4839.    6.407E-13
        4840.    6.435E-13
        4841.    6.452E-13
        4843.    6.557E-13
        4844.    6.629E-13
        4846.    6.504E-13
        4847.    6.433E-13
        4848.    6.517E-13
        4850.    6.656E-13
        4851.    6.646E-13
        4853.    6.336E-13
        4854.    6.179E-13
        4855.    6.104E-13
        4857.    5.893E-13
        4858.    5.589E-13
        4860.    5.350E-13
        4861.    5.375E-13
        4862.    5.610E-13
        4864.    5.846E-13
        4865.    5.960E-13
        4867.    5.968E-13
        4868.    5.939E-13
        4869.    5.744E-13
        4871.    5.743E-13
        4872.    5.905E-13
        4874.    6.033E-13
        4875.    6.212E-13
        4876.    6.310E-13
        4878.    6.365E-13
        4879.    6.436E-13
        4881.    6.449E-13
        4882.    6.346E-13
        4883.    6.124E-13
        4885.    6.028E-13
        4886.    6.056E-13
        4888.    6.021E-13
        4889.    6.022E-13
        4890.    6.160E-13
        4892.    6.416E-13
        4893.    6.714E-13
        4895.    6.943E-13
        4896.    6.946E-13
        4897.    6.747E-13
        4899.    6.500E-13
        4900.    6.592E-13
        4902.    6.840E-13
        4903.    6.801E-13
        4904.    6.785E-13
        4906.    6.889E-13
        4907.    6.747E-13
        4909.    6.415E-13
        4910.    6.344E-13
        4911.    6.441E-13
        4913.    6.614E-13
        4914.    6.724E-13
        4916.    6.580E-13
        4917.    6.262E-13
        4918.    5.857E-13
        4920.    5.742E-13
        4921.    5.787E-13
        4923.    5.951E-13
        4924.    6.183E-13
        4925.    6.397E-13
        4927.    6.660E-13
        4928.    6.945E-13
        4930.    6.953E-13
        4931.    6.772E-13
        4932.    6.594E-13
        4934.    6.505E-13
        4935.    6.327E-13
        4937.    6.180E-13
        4938.    6.044E-13
        4939.    6.124E-13
        4941.    6.508E-13
        4942.    6.795E-13
        4944.    6.748E-13
        4945.    6.716E-13
        4946.    6.822E-13
        4948.    6.969E-13
        4949.    7.064E-13
        4951.    7.098E-13
        4952.    7.023E-13
        4953.    6.871E-13
        4955.    6.774E-13
        4956.    6.510E-13
        4958.    6.295E-13
        4959.    6.445E-13
        4960.    6.640E-13
        4962.    6.675E-13
        4963.    6.690E-13
        4965.    6.622E-13
        4966.    6.444E-13
        4967.    6.350E-13
        4969.    6.351E-13
        4970.    6.332E-13
        4972.    6.437E-13
        4973.    6.525E-13
        4974.    6.489E-13
        4976.    6.661E-13
        4977.    6.652E-13
        4979.    6.442E-13
        4980.    6.284E-13
        4981.    6.127E-13
        4983.    5.965E-13
        4984.    5.918E-13
        4986.    6.084E-13
        4987.    6.293E-13
        4988.    6.387E-13
        4990.    6.414E-13
        4991.    6.461E-13
        4993.    6.450E-13
        4994.    6.343E-13
        4995.    6.338E-13
        4997.    6.320E-13
        4998.    6.318E-13
        5000.    6.329E-13
        5001.    6.465E-13
        5002.    6.407E-13
        5004.    6.189E-13
        5005.    5.897E-13
        5007.    5.829E-13
        5008.    6.005E-13
        5009.    6.208E-13
        5011.    6.145E-13
        5012.    5.881E-13
        5014.    5.718E-13
        5015.    5.778E-13
        5016.    5.922E-13
        5018.    5.940E-13
        5019.    5.963E-13
        5021.    6.083E-13
        5022.    6.019E-13
        5023.    5.931E-13
        5025.    6.088E-13
        5026.    6.169E-13
        5028.    6.105E-13
        5029.    6.147E-13
        5030.    6.278E-13
        5032.    6.345E-13
        5033.    6.314E-13
        5035.    6.280E-13
        5036.    6.167E-13
        5037.    6.037E-13
        5039.    5.923E-13
        5040.    5.669E-13
        5042.    5.727E-13
        5043.    5.984E-13
        5044.    6.306E-13
        5046.    6.545E-13
        5047.    6.528E-13
        5049.    6.142E-13
        5050.    5.917E-13
        5051.    6.040E-13
        5053.    6.203E-13
        5054.    6.358E-13
        5056.    6.481E-13
        5057.    6.512E-13
        5058.    6.568E-13
        5060.    6.650E-13
        5061.    6.697E-13
        5063.    6.548E-13
        5064.    6.373E-13
        5065.    6.213E-13
        5067.    6.132E-13
        5068.    6.155E-13
        5070.    6.207E-13
        5071.    6.221E-13
        5072.    6.193E-13
        5074.    6.185E-13
        5075.    6.114E-13
        5077.    6.102E-13
        5078.    6.042E-13
        5079.    5.754E-13
        5081.    5.701E-13
        5082.    5.945E-13
        5084.    6.120E-13
        5085.    6.251E-13
        5086.    6.383E-13
        5088.    6.404E-13
        5089.    6.353E-13
        5091.    6.521E-13
        5092.    6.738E-13
        5093.    6.761E-13
        5095.    6.721E-13
        5096.    6.432E-13
        5098.    6.088E-13
        5099.    6.028E-13
        5100.    6.127E-13
        5102.    6.345E-13
        5103.    6.403E-13
        5105.    6.288E-13
        5106.    6.253E-13
        5107.    6.177E-13
        5109.    6.144E-13
        5110.    6.143E-13
        5112.    6.193E-13
        5113.    6.350E-13
        5114.    6.485E-13
        5116.    6.587E-13
        5117.    6.623E-13
        5119.    6.533E-13
        5120.    6.351E-13
        5121.    6.116E-13
        5123.    5.925E-13
        5124.    5.810E-13
        5126.    5.766E-13
        5127.    5.788E-13
        5128.    5.778E-13
        5130.    5.964E-13
        5131.    6.231E-13
        5133.    6.405E-13
        5134.    6.420E-13
        5135.    6.269E-13
        5137.    6.170E-13
        5138.    5.951E-13
        5140.    5.852E-13
        5141.    5.918E-13
        5142.    5.953E-13
        5144.    5.947E-13
        5145.    6.000E-13
        5147.    6.026E-13
        5148.    6.036E-13
        5149.    6.046E-13
        5151.    6.047E-13
        5152.    5.944E-13
        5154.    5.883E-13
        5155.    6.013E-13
        5156.    6.154E-13
        5158.    6.180E-13
        5159.    6.169E-13
        5161.    6.129E-13
        5162.    5.988E-13
        5163.    5.687E-13
        5165.    5.246E-13
        5166.    4.854E-13
        5168.    4.766E-13
        5169.    4.956E-13
        5170.    5.032E-13
        5172.    4.943E-13
        5173.    5.197E-13
        5175.    5.843E-13
        5176.    6.282E-13
        5177.    6.443E-13
        5179.    6.398E-13
        5180.    6.116E-13
        5182.    5.540E-13
        5183.    5.087E-13
        5184.    5.247E-13
        5186.    5.681E-13
        5187.    5.992E-13
        5189.    5.942E-13
        5190.    5.869E-13
        5191.    5.806E-13
        5193.    5.799E-13
        5194.    5.842E-13
        5196.    5.951E-13
        5197.    6.090E-13
        5198.    6.224E-13
        5200.    6.328E-13
        5201.    6.452E-13
        5203.    6.335E-13
        5204.    6.064E-13
        5205.    5.820E-13
        5207.    5.755E-13
        5208.    5.939E-13
        5210.    6.195E-13
        5211.    6.509E-13
        5212.    6.581E-13
        5214.    6.247E-13
        5215.    5.971E-13
        5217.    6.208E-13
        5218.    6.395E-13
        5219.    6.294E-13
        5221.    6.182E-13
        5222.    5.974E-13
        5224.    5.685E-13
        5225.    5.443E-13
        5226.    5.489E-13
        5228.    5.852E-13
        5229.    6.042E-13
        5231.    6.083E-13
        5232.    6.174E-13
        5233.    6.219E-13
        5235.    6.288E-13
        5236.    6.532E-13
        5238.    6.742E-13
        5239.    6.649E-13
        5240.    6.593E-13
        5242.    6.647E-13
        5243.    6.621E-13
        5245.    6.491E-13
        5246.    6.322E-13
        5247.    6.217E-13
        5249.    6.155E-13
        5250.    6.035E-13
        5252.    6.023E-13
        5253.    6.013E-13
        5254.    6.152E-13
        5256.    6.394E-13
        5257.    6.594E-13
        5259.    6.638E-13
        5260.    6.341E-13
        5261.    5.848E-13
        5263.    5.500E-13
        5264.    5.362E-13
        5266.    5.335E-13
        5267.    5.289E-13
        5268.    5.269E-13
        5270.    5.263E-13
        5271.    5.542E-13
        5273.    5.742E-13
        5274.    5.967E-13
        5275.    6.252E-13
        5277.    6.480E-13
        5278.    6.524E-13
        5280.    6.443E-13
        5281.    6.320E-13
        5282.    6.237E-13
        5284.    6.403E-13
        5285.    6.611E-13
        5287.    6.647E-13
        5288.    6.687E-13
        5289.    6.777E-13
        5291.    6.771E-13
        5292.    6.742E-13
        5294.    6.605E-13
        5295.    6.174E-13
        5296.    5.867E-13
        5298.    5.958E-13
        5299.    6.175E-13
        5301.    6.318E-13
        5302.    6.508E-13
        5303.    6.697E-13
        5305.    6.683E-13
        5306.    6.642E-13
        5308.    6.670E-13
        5309.    6.704E-13
        5310.    6.775E-13
        5312.    6.762E-13
        5313.    6.676E-13
        5315.    6.618E-13
        5316.    6.644E-13
        5317.    6.662E-13
        5319.    6.505E-13
        5320.    6.337E-13
        5322.    6.264E-13
        5323.    6.163E-13
        5324.    6.130E-13
        5326.    5.980E-13
        5327.    5.736E-13
        5329.    5.726E-13
        5330.    6.070E-13
        5331.    6.413E-13
        5333.    6.469E-13
        5334.    6.458E-13
        5336.    6.506E-13
        5337.    6.441E-13
        5338.    6.325E-13
        5340.    6.329E-13
        5341.    6.464E-13
        5343.    6.577E-13
        5344.    6.683E-13
        5345.    6.625E-13
        5347.    6.505E-13
        5348.    6.525E-13
        5350.    6.575E-13
        5351.    6.524E-13
        5352.    6.548E-13
        5354.    6.865E-13
        5355.    7.126E-13
        5357.    7.077E-13
        5358.    6.910E-13
        5359.    6.755E-13
        5361.    6.679E-13
        5362.    6.637E-13
        5364.    6.572E-13
        5365.    6.452E-13
        5366.    6.298E-13
        5368.    6.195E-13
        5369.    6.124E-13
        5371.    6.189E-13
        5372.    6.383E-13
        5373.    6.507E-13
        5375.    6.614E-13
        5376.    6.674E-13
        5378.    6.604E-13
        5379.    6.494E-13
        5380.    6.424E-13
        5382.    6.480E-13
        5383.    6.543E-13
        5385.    6.521E-13
        5386.    6.453E-13
        5387.    6.358E-13
        5389.    6.225E-13
        5390.    6.094E-13
        5392.    6.049E-13
        5393.    6.019E-13
        5394.    5.969E-13
        5396.    5.961E-13
        5397.    5.987E-13
        5399.    6.120E-13
        5400.    6.208E-13
        5401.    6.099E-13
        5403.    6.031E-13
        5404.    5.934E-13
        5406.    5.981E-13
        5407.    6.125E-13
        5408.    6.188E-13
        5410.    6.291E-13
        5411.    6.473E-13
        5413.    6.757E-13
        5414.    6.757E-13
        5415.    6.661E-13
        5417.    6.638E-13
        5418.    6.624E-13
        5420.    6.609E-13
        5421.    6.501E-13
        5422.    6.386E-13
        5424.    6.495E-13
        5425.    6.617E-13
        5427.    6.545E-13
        5428.    6.334E-13
        5429.    6.220E-13
        5431.    6.232E-13
        5432.    6.094E-13
        5434.    5.961E-13
        5435.    6.103E-13
        5436.    6.314E-13
        5438.    6.532E-13
        5439.    6.713E-13
        5441.    6.750E-13
        5442.    6.641E-13
        5443.    6.389E-13
        5445.    6.161E-13
        5446.    6.148E-13
        5448.    6.315E-13
        5449.    6.520E-13
        5450.    6.704E-13
        5452.    6.687E-13
        5453.    6.341E-13
        5455.    6.103E-13
        5456.    6.342E-13
        5457.    6.711E-13
        5459.    6.838E-13
        5460.    6.739E-13
        5462.    6.658E-13
        5463.    6.617E-13
        5464.    6.580E-13
        5466.    6.533E-13
        5467.    6.452E-13
        5469.    6.382E-13
        5470.    6.387E-13
        5471.    6.337E-13
        5473.    6.238E-13
        5474.    6.124E-13
        5476.    6.006E-13
        5477.    5.992E-13
        5478.    6.158E-13
        5480.    6.103E-13
        5481.    6.045E-13
        5483.    6.219E-13
        5484.    6.442E-13
        5485.    6.429E-13
        5487.    6.291E-13
        5488.    6.172E-13
        5490.    6.167E-13
        5491.    6.334E-13
        5492.    6.369E-13
        5494.    6.380E-13
        5495.    6.480E-13
        5497.    6.556E-13
        5498.    6.610E-13
        5499.    6.549E-13
        5501.    6.569E-13
        5502.    6.511E-13
        5504.    6.428E-13
        5505.    6.420E-13
        5506.    6.431E-13
        5508.    6.445E-13
        5509.    6.384E-13
        5511.    6.275E-13
        5512.    6.156E-13
        5513.    6.106E-13
        5515.    6.193E-13
        5516.    6.388E-13
        5518.    6.616E-13
        5519.    6.769E-13
        5520.    6.829E-13
        5522.    6.726E-13
        5523.    6.542E-13
        5525.    6.481E-13
        5526.    6.402E-13
        5527.    6.248E-13
        5529.    6.319E-13
        5530.    6.477E-13
        5532.    6.536E-13
        5533.    6.395E-13
        5534.    6.295E-13
        5536.    6.313E-13
        5537.    6.450E-13
        5539.    6.461E-13
        5540.    6.489E-13
        5541.    6.476E-13
        5543.    6.447E-13
        5544.    6.445E-13
        5546.    6.442E-13
        5547.    6.602E-13
        5548.    6.893E-13
        5550.    7.106E-13
        5551.    6.927E-13
        5553.    6.649E-13
        5554.    6.543E-13
        5555.    6.577E-13
        5557.    6.566E-13
        5558.    6.474E-13
        5560.    6.480E-13
        5561.    6.519E-13
        5562.    6.426E-13
        5564.    6.402E-13
        5565.    6.497E-13
        5567.    6.474E-13
        5568.    6.271E-13
        5569.    6.296E-13
        5571.    6.411E-13
        5572.    6.396E-13
        5574.    6.306E-13
        5575.    6.335E-13
        5576.    6.488E-13
        5578.    6.633E-13
        5579.    6.682E-13
        5581.    6.588E-13
        5582.    6.425E-13
        5583.    6.306E-13
        5585.    6.246E-13
        5586.    6.098E-13
        5588.    5.904E-13
        5589.    5.886E-13
        5590.    5.977E-13
        5592.    6.062E-13
        5593.    6.141E-13
        5595.    6.297E-13
        5596.    6.518E-13
        5597.    6.548E-13
        5599.    6.352E-13
        5600.    6.208E-13
        5602.    6.063E-13
        5603.    6.032E-13
        5604.    6.240E-13
        5606.    6.483E-13
        5607.    6.629E-13
        5609.    6.708E-13
        5610.    6.664E-13
        5611.    6.695E-13
        5613.    6.716E-13
        5614.    6.462E-13
        5616.    6.058E-13
        5617.    5.992E-13
        5618.    6.141E-13
        5620.    6.368E-13
        5621.    6.531E-13
        5623.    6.476E-13
        5624.    6.437E-13
        5625.    6.429E-13
        5627.    6.342E-13
        5628.    6.379E-13
        5630.    6.571E-13
        5631.    6.688E-13
        5632.    6.656E-13
        5634.    6.547E-13
        5635.    6.448E-13
        5637.    6.403E-13
        5638.    6.423E-13
        5639.    6.355E-13
        5641.    6.360E-13
        5642.    6.373E-13
        5644.    6.365E-13
        5645.    6.418E-13
        5646.    6.515E-13
        5648.    6.522E-13
        5649.    6.456E-13
        5651.    6.463E-13
        5652.    6.533E-13
        5653.    6.556E-13
        5655.    6.481E-13
        5656.    6.288E-13
        5658.    6.011E-13
        5659.    5.814E-13
        5660.    5.860E-13
        5662.    6.084E-13
        5663.    6.278E-13
        5665.    6.354E-13
        5666.    6.372E-13
        5667.    6.435E-13
        5669.    6.464E-13
        5670.    6.440E-13
        5672.    6.453E-13
        5673.    6.572E-13
        5674.    6.584E-13
        5676.    6.542E-13
        5677.    6.599E-13
        5679.    6.674E-13
        5680.    6.671E-13
        5681.    6.549E-13
        5683.    6.368E-13
        5684.    6.373E-13
        5686.    6.548E-13
        5687.    6.471E-13
        5688.    6.280E-13
        5690.    6.275E-13
        5691.    6.416E-13
        5693.    6.533E-13
        5694.    6.446E-13
        5695.    6.310E-13
        5697.    6.371E-13
        5698.    6.318E-13
        5700.    6.153E-13
        5701.    5.991E-13
        5702.    5.954E-13
        5704.    6.105E-13
        5705.    6.157E-13
        5707.    6.108E-13
        5708.    5.997E-13
        5709.    5.876E-13
        5711.    5.896E-13
        5712.    6.006E-13
        5714.    6.121E-13
        5715.    6.222E-13
        5716.    6.365E-13
        5718.    6.460E-13
        5719.    6.411E-13
        5721.    6.399E-13
        5722.    6.612E-13
        5723.    6.775E-13
        5725.    6.722E-13
        5726.    6.601E-13
        5728.    6.418E-13
        5729.    6.360E-13
        5730.    6.454E-13
        5732.    6.498E-13
        5733.    6.550E-13
        5735.    6.575E-13
        5736.    6.561E-13
        5737.    6.517E-13
        5739.    6.513E-13
        5740.    6.566E-13
        5742.    6.567E-13
        5743.    6.530E-13
        5744.    6.491E-13
        5746.    6.344E-13
        5747.    6.261E-13
        5749.    6.348E-13
        5750.    6.520E-13
        5751.    6.559E-13
        5753.    6.358E-13
        5754.    6.249E-13
        5756.    6.328E-13
        5757.    6.292E-13
        5758.    6.213E-13
        5760.    6.138E-13
        5761.    6.100E-13
        5763.    6.224E-13
        5764.    6.354E-13
        5765.    6.543E-13
        5767.    6.582E-13
        5768.    6.525E-13
        5770.    6.601E-13
        5771.    6.627E-13
        5772.    6.558E-13
        5774.    6.581E-13
        5775.    6.621E-13
        5777.    6.612E-13
        5778.    6.593E-13
        5779.    6.384E-13
        5781.    6.045E-13
        5782.    5.896E-13
        5784.    5.874E-13
        5785.    5.928E-13
        5786.    6.128E-13
        5788.    6.301E-13
        5789.    6.283E-13
        5791.    6.245E-13
        5792.    6.352E-13
        5793.    6.456E-13
        5795.    6.408E-13
        5796.    6.340E-13
        5798.    6.407E-13
        5799.    6.534E-13
        5800.    6.612E-13
        5802.    6.652E-13
        5803.    6.576E-13
        5805.    6.392E-13
        5806.    6.332E-13
        5807.    6.413E-13
        5809.    6.491E-13
        5810.    6.437E-13
        5812.    6.443E-13
        5813.    6.429E-13
        5814.    6.418E-13
        5816.    6.510E-13
        5817.    6.593E-13
        5819.    6.632E-13
        5820.    6.737E-13
        5821.    6.788E-13
        5823.    6.764E-13
        5824.    6.748E-13
        5826.    6.883E-13
        5827.    6.918E-13
        5828.    6.866E-13
        5830.    6.866E-13
        5831.    6.681E-13
        5833.    6.509E-13
        5834.    6.488E-13
        5835.    6.548E-13
        5837.    6.643E-13
        5838.    6.719E-13
        5840.    6.757E-13
        5841.    6.730E-13
        5842.    6.700E-13
        5844.    6.655E-13
        5845.    6.520E-13
        5847.    6.304E-13
        5848.    6.406E-13
        5849.    6.472E-13
        5851.    6.313E-13
        5852.    6.234E-13
        5854.    6.279E-13
        5855.    6.251E-13
        5856.    6.157E-13
        5858.    6.217E-13
        5859.    6.373E-13
        5861.    6.488E-13
        5862.    6.524E-13
        5863.    6.568E-13
        5865.    6.634E-13
        5866.    6.609E-13
        5868.    6.663E-13
        5869.    6.851E-13
        5870.    6.905E-13
        5872.    6.818E-13
        5873.    6.830E-13
        5875.    6.849E-13
        5876.    6.700E-13
        5877.    6.630E-13
        5879.    6.642E-13
        5880.    6.616E-13
        5882.    6.507E-13
        5883.    6.473E-13
        5884.    6.403E-13
        5886.    6.198E-13
        5887.    5.680E-13
        5889.    5.302E-13
        5890.    5.455E-13
        5891.    5.778E-13
        5893.    5.828E-13
        5894.    5.629E-13
        5896.    5.651E-13
        5897.    5.924E-13
        5898.    6.057E-13
        5900.    6.198E-13
        5901.    6.317E-13
        5903.    6.274E-13
        5904.    6.324E-13
        5905.    6.451E-13
        5907.    6.610E-13
        5908.    6.646E-13
        5910.    6.623E-13
        5911.    6.503E-13
        5912.    6.346E-13
        5914.    6.366E-13
        5915.    6.329E-13
        5917.    6.404E-13
        5918.    6.433E-13
        5919.    6.362E-13
        5921.    6.384E-13
        5922.    6.472E-13
        5924.    6.478E-13
        5925.    6.433E-13
        5926.    6.437E-13
        5928.    6.517E-13
        5929.    6.446E-13
        5931.    6.371E-13
        5932.    6.315E-13
        5933.    6.263E-13
        5935.    6.400E-13
        5936.    6.547E-13
        5938.    6.514E-13
        5939.    6.448E-13
        5940.    6.361E-13
        5942.    6.265E-13
        5943.    6.361E-13
        5945.    6.401E-13
        5946.    6.211E-13
        5947.    6.099E-13
        5949.    6.144E-13
        5950.    6.208E-13
        5952.    6.209E-13
        5953.    6.262E-13
        5954.    6.255E-13
        5956.    6.150E-13
        5957.    6.238E-13
        5959.    6.399E-13
        5960.    6.477E-13
        5961.    6.487E-13
        5963.    6.489E-13
        5964.    6.334E-13
        5966.    6.253E-13
        5967.    6.376E-13
        5968.    6.498E-13
        5970.    6.509E-13
        5971.    6.403E-13
        5973.    6.231E-13
        5974.    6.184E-13
        5975.    6.224E-13
        5977.    6.267E-13
        5978.    6.202E-13
        5980.    6.379E-13
        5981.    6.439E-13
        5982.    6.327E-13
        5984.    6.250E-13
        5985.    6.304E-13
        5987.    6.282E-13
        5988.    6.239E-13
        5989.    6.215E-13
        5991.    6.281E-13
        5992.    6.447E-13
        5994.    6.521E-13
        5995.    6.476E-13
        5996.    6.438E-13
        5998.    6.393E-13
        5999.    6.378E-13
        6001.    6.371E-13
        6002.    6.225E-13
        6003.    6.066E-13
        6005.    6.007E-13
        6006.    5.948E-13
        6008.    6.017E-13
        6009.    6.221E-13
        6010.    6.295E-13
        6012.    6.262E-13
        6013.    6.212E-13
        6015.    6.161E-13
        6016.    6.223E-13
        6017.    6.303E-13
        6019.    6.282E-13
        6020.    6.300E-13
        6022.    6.398E-13
        6023.    6.395E-13
        6024.    6.309E-13
        6026.    6.300E-13
        6027.    6.321E-13
        6029.    6.246E-13
        6030.    6.175E-13
        6031.    6.240E-13
        6033.    6.247E-13
        6034.    6.298E-13
        6036.    6.376E-13
        6037.    6.352E-13
        6038.    6.224E-13
        6040.    6.247E-13
        6041.    6.409E-13
        6043.    6.444E-13
        6044.    6.499E-13
        6045.    6.512E-13
        6047.    6.504E-13
        6048.    6.416E-13
        6050.    6.482E-13
        6051.    6.405E-13
        6052.    6.365E-13
        6054.    6.283E-13
        6055.    6.219E-13
        6057.    6.331E-13
        6058.    6.521E-13
        6059.    6.491E-13
        6061.    6.342E-13
        6062.    6.274E-13
        6064.    6.282E-13
        6065.    6.349E-13
        6066.    6.338E-13
        6068.    6.331E-13
        6069.    6.357E-13
        6071.    6.389E-13
        6072.    6.404E-13
        6073.    6.391E-13
        6075.    6.331E-13
        6076.    6.185E-13
        6078.    6.061E-13
        6079.    5.992E-13
        6080.    6.006E-13
        6082.    6.065E-13
        6083.    6.051E-13
        6085.    6.137E-13
        6086.    6.206E-13
        6087.    6.253E-13
        6089.    6.260E-13
        6090.    6.176E-13
        6092.    6.107E-13
        6093.    6.135E-13
        6094.    6.234E-13
        6096.    6.285E-13
        6097.    6.207E-13
        6099.    6.005E-13
        6100.    5.840E-13
        6101.    5.916E-13
        6103.    6.082E-13
        6104.    6.152E-13
        6106.    6.177E-13
        6107.    6.199E-13
        6108.    6.239E-13
        6110.    6.272E-13
        6111.    6.357E-13
        6113.    6.329E-13
        6114.    6.181E-13
        6115.    6.176E-13
        6117.    6.183E-13
        6118.    6.006E-13
        6120.    5.964E-13
        6121.    6.009E-13
        6122.    6.156E-13
        6124.    6.163E-13
        6125.    6.072E-13
        6127.    6.000E-13
        6128.    6.143E-13
        6129.    6.294E-13
        6131.    6.305E-13
        6132.    6.174E-13
        6134.    5.964E-13
        6135.    5.669E-13
        6136.    5.791E-13
        6138.    6.012E-13
        6139.    6.107E-13
        6141.    6.093E-13
        6142.    6.148E-13
        6143.    6.192E-13
        6145.    6.159E-13
        6146.    6.048E-13
        6148.    5.968E-13
        6149.    6.036E-13
        6150.    6.186E-13
        6152.    6.173E-13
        6153.    6.139E-13
        6155.    6.150E-13
        6156.    6.144E-13
        6157.    6.064E-13
        6159.    5.883E-13
        6160.    5.779E-13
        6162.    5.773E-13
        6163.    5.834E-13
        6164.    5.905E-13
        6166.    5.900E-13
        6167.    5.853E-13
        6169.    5.841E-13
        6170.    5.972E-13
        6171.    5.990E-13
        6173.    5.959E-13
        6174.    5.921E-13
        6176.    5.940E-13
        6177.    6.075E-13
        6178.    6.287E-13
        6180.    6.409E-13
        6181.    6.320E-13
        6183.    6.220E-13
        6184.    6.179E-13
        6185.    6.068E-13
        6187.    5.934E-13
        6188.    5.850E-13
        6190.    5.746E-13
        6191.    5.925E-13
        6192.    6.013E-13
        6194.    6.056E-13
        6195.    6.105E-13
        6197.    6.094E-13
        6198.    6.065E-13
        6199.    6.097E-13
        6201.    6.199E-13
        6202.    6.251E-13
        6204.    6.244E-13
        6205.    6.119E-13
        6206.    6.140E-13
        6208.    6.243E-13
        6209.    6.251E-13
        6211.    6.227E-13
        6212.    6.114E-13
        6213.    5.895E-13
        6215.    5.878E-13
        6216.    5.990E-13
        6218.    5.958E-13
        6219.    5.909E-13
        6220.    5.936E-13
        6222.    5.988E-13
        6223.    6.030E-13
        6225.    6.008E-13
        6226.    6.004E-13
        6227.    6.068E-13
        6229.    5.944E-13
        6230.    5.793E-13
        6232.    5.793E-13
        6233.    5.880E-13
        6234.    6.036E-13
        6236.    6.081E-13
        6237.    6.055E-13
        6239.    5.989E-13
        6240.    5.966E-13
        6241.    5.970E-13
        6243.    5.948E-13
        6244.    5.974E-13
        6246.    5.937E-13
        6247.    5.888E-13
        6248.    5.952E-13
        6250.    6.007E-13
        6251.    5.805E-13
        6253.    5.722E-13
        6254.    5.661E-13
        6255.    5.687E-13
        6257.    5.758E-13
        6258.    5.876E-13
        6260.    6.004E-13
        6261.    6.155E-13
        6262.    6.075E-13
        6264.    5.883E-13
        6265.    5.685E-13
        6267.    5.755E-13
        6268.    5.952E-13
        6269.    6.067E-13
        6271.    6.129E-13
        6272.    6.204E-13
        6274.    6.215E-13
        6275.    6.069E-13
        6276.    5.908E-13
        6278.    5.796E-13
        6279.    5.688E-13
        6281.    5.681E-13
        6282.    5.805E-13
        6283.    5.945E-13
        6285.    6.107E-13
        6286.    6.268E-13
        6288.    6.302E-13
        6289.    6.268E-13
        6290.    6.137E-13
        6292.    6.080E-13
        6293.    6.173E-13
        6295.    6.265E-13
        6296.    6.115E-13
        6297.    5.963E-13
        6299.    5.877E-13
        6300.    5.926E-13
        6302.    5.988E-13
        6303.    6.052E-13
        6304.    6.125E-13
        6306.    6.169E-13
        6307.    6.168E-13
        6309.    6.153E-13
        6310.    6.054E-13
        6311.    6.070E-13
        6313.    6.068E-13
        6314.    5.879E-13
        6316.    5.662E-13
        6317.    5.610E-13
        6318.    5.749E-13
        6320.    5.940E-13
        6321.    5.950E-13
        6323.    5.901E-13
        6324.    5.959E-13
        6325.    6.097E-13
        6327.    6.183E-13
        6328.    6.191E-13
        6330.    6.170E-13
        6331.    6.136E-13
        6332.    6.045E-13
        6334.    5.948E-13
        6335.    5.890E-13
        6337.    5.891E-13
        6338.    5.939E-13
        6339.    5.956E-13
        6341.    5.938E-13
        6342.    5.878E-13
        6344.    5.867E-13
        6345.    5.944E-13
        6346.    5.991E-13
        6348.    6.045E-13
        6349.    6.054E-13
        6351.    6.058E-13
        6352.    6.010E-13
        6353.    5.969E-13
        6355.    5.990E-13
        6356.    6.018E-13
        6358.    5.911E-13
        6359.    5.725E-13
        6360.    5.647E-13
        6362.    5.674E-13
        6363.    5.805E-13
        6365.    5.898E-13
        6366.    6.009E-13
        6367.    6.113E-13
        6369.    6.013E-13
        6370.    6.052E-13
        6372.    6.122E-13
        6373.    6.078E-13
        6374.    5.957E-13
        6376.    5.906E-13
        6377.    5.903E-13
        6379.    5.934E-13
        6380.    5.939E-13
        6381.    5.881E-13
        6383.    5.903E-13
        6384.    6.018E-13
        6386.    6.067E-13
        6387.    6.084E-13
        6388.    6.067E-13
        6390.    5.993E-13
        6391.    5.907E-13
        6393.    5.875E-13
        6394.    5.968E-13
        6395.    6.080E-13
        6397.    6.026E-13
        6398.    5.811E-13
        6400.    5.723E-13
        6401.    5.887E-13
        6402.    6.014E-13
        6404.    6.017E-13
        6405.    5.962E-13
        6407.    5.868E-13
        6408.    5.864E-13
        6409.    5.885E-13
        6411.    5.878E-13
        6412.    5.878E-13
        6414.    5.973E-13
        6415.    6.087E-13
        6416.    6.044E-13
        6418.    5.937E-13
        6419.    5.829E-13
        6421.    5.769E-13
        6422.    5.849E-13
        6423.    5.955E-13
        6425.    6.029E-13
        6426.    6.057E-13
        6428.    5.989E-13
        6429.    5.970E-13
        6430.    5.922E-13
        6432.    5.887E-13
        6433.    5.892E-13
        6435.    5.903E-13
        6436.    5.872E-13
        6437.    5.774E-13
        6439.    5.761E-13
        6440.    5.883E-13
        6442.    6.058E-13
        6443.    6.065E-13
        6444.    6.011E-13
        6446.    6.018E-13
        6447.    5.943E-13
        6449.    5.766E-13
        6450.    5.725E-13
        6451.    5.767E-13
        6453.    5.737E-13
        6454.    5.736E-13
        6456.    5.803E-13
        6457.    5.911E-13
        6458.    5.937E-13
        6460.    5.818E-13
        6461.    5.739E-13
        6463.    5.787E-13
        6464.    5.918E-13
        6465.    5.961E-13
        6467.    5.889E-13
        6468.    5.824E-13
        6470.    5.794E-13
        6471.    5.755E-13
        6472.    5.770E-13
        6474.    5.809E-13
        6475.    5.848E-13
        6477.    5.880E-13
        6478.    5.896E-13
        6479.    5.936E-13
        6481.    5.830E-13
        6482.    5.847E-13
        6484.    6.082E-13
        6485.    6.052E-13
        6486.    5.971E-13
        6488.    5.892E-13
        6489.    5.836E-13
        6491.    5.812E-13
        6492.    5.481E-13
        6493.    5.257E-13
        6495.    5.260E-13
        6496.    5.424E-13
        6498.    5.631E-13
        6499.    5.873E-13
        6500.    6.092E-13
        6502.    6.106E-13
        6503.    5.961E-13
        6505.    5.892E-13
        6506.    5.941E-13
        6507.    6.013E-13
        6509.    6.098E-13
        6510.    6.195E-13
        6512.    6.198E-13
        6513.    6.122E-13
        6514.    6.032E-13
        6516.    5.935E-13
        6517.    5.856E-13
        6519.    5.941E-13
        6520.    6.184E-13
        6521.    6.326E-13
        6523.    6.338E-13
        6524.    6.275E-13
        6526.    6.196E-13
        6527.    6.101E-13
        6528.    6.068E-13
        6530.    5.984E-13
        6531.    5.987E-13
        6533.    5.982E-13
        6534.    6.046E-13
        6535.    6.117E-13
        6537.    6.146E-13
        6538.    6.065E-13
        6540.    6.061E-13
        6541.    6.057E-13
        6542.    6.134E-13
        6544.    6.220E-13
        6545.    6.217E-13
        6547.    6.164E-13
        6548.    6.132E-13
        6549.    6.056E-13
        6551.    6.067E-13
        6552.    6.071E-13
        6554.    5.985E-13
        6555.    5.898E-13
        6556.    5.846E-13
        6558.    5.727E-13
        6559.    5.351E-13
        6561.    4.907E-13
        6562.    4.727E-13
        6563.    5.120E-13
        6565.    5.707E-13
        6566.    5.952E-13
        6568.    5.935E-13
        6569.    5.872E-13
        6570.    5.796E-13
        6572.    5.717E-13
        6573.    5.662E-13
        6575.    5.678E-13
        6576.    5.781E-13
        6577.    5.851E-13
        6579.    5.896E-13
        6580.    5.950E-13
        6582.    5.903E-13
        6583.    5.898E-13
        6584.    5.969E-13
        6586.    6.010E-13
        6587.    6.035E-13
        6589.    5.972E-13
        6590.    5.821E-13
        6591.    5.756E-13
        6593.    5.794E-13
        6594.    5.898E-13
        6596.    5.886E-13
        6597.    5.823E-13
        6598.    5.906E-13
        6600.    6.011E-13
        6601.    6.084E-13
        6603.    5.988E-13
        6604.    5.923E-13
        6605.    5.853E-13
        6607.    5.823E-13
        6608.    5.862E-13
        6610.    5.937E-13
        6611.    5.937E-13
        6612.    5.961E-13
        6614.    5.924E-13
        6615.    5.925E-13
        6617.    6.004E-13
        6618.    6.041E-13
        6619.    6.008E-13
        6621.    5.978E-13
        6622.    5.960E-13
        6624.    6.024E-13
        6625.    6.060E-13
        6626.    6.080E-13
        6628.    6.132E-13
        6629.    6.046E-13
        6631.    5.888E-13
        6632.    5.730E-13
        6633.    5.743E-13
        6635.    5.906E-13
        6636.    5.917E-13
        6638.    5.873E-13
        6639.    5.835E-13
        6640.    5.725E-13
        6642.    5.673E-13
        6643.    5.777E-13
        6645.    5.887E-13
        6646.    5.903E-13
        6647.    5.864E-13
        6649.    5.850E-13
        6650.    5.928E-13
        6652.    5.954E-13
        6653.    5.949E-13
        6654.    5.932E-13
        6656.    5.905E-13
        6657.    5.904E-13
        6659.    5.789E-13
        6660.    5.645E-13
        6661.    5.578E-13
        6663.    5.610E-13
        6664.    5.659E-13
        6666.    5.716E-13
        6667.    5.755E-13
        6668.    5.888E-13
        6670.    5.910E-13
        6671.    5.895E-13
        6673.    5.909E-13
        6674.    5.814E-13
        6675.    5.750E-13
        6677.    5.783E-13
        6678.    5.825E-13
        6680.    5.959E-13
        6681.    6.088E-13
        6682.    6.028E-13
        6684.    5.927E-13
        6685.    5.827E-13
        6687.    5.801E-13
        6688.    5.832E-13
        6689.    5.820E-13
        6691.    5.858E-13
        6692.    5.918E-13
        6694.    5.818E-13
        6695.    5.673E-13
        6696.    5.625E-13
        6698.    5.650E-13
        6699.    5.718E-13
        6701.    5.692E-13
        6702.    5.662E-13
        6703.    5.734E-13
        6705.    5.720E-13
        6706.    5.676E-13
        6708.    5.727E-13
        6709.    5.742E-13
        6710.    5.682E-13
        6712.    5.562E-13
        6713.    5.622E-13
        6715.    5.624E-13
        6716.    5.582E-13
        6717.    5.606E-13
        6719.    5.778E-13
        6720.    5.845E-13
        6722.    5.868E-13
        6723.    5.761E-13
        6724.    5.705E-13
        6726.    5.704E-13
        6727.    5.756E-13
        6729.    5.819E-13
        6730.    5.759E-13
        6731.    5.731E-13
        6733.    5.720E-13
        6734.    5.643E-13
        6736.    5.601E-13
        6737.    5.608E-13
        6738.    5.669E-13
        6740.    5.727E-13
        6741.    5.773E-13
        6743.    5.803E-13
        6744.    5.708E-13
        6745.    5.568E-13
        6747.    5.533E-13
        6748.    5.614E-13
        6750.    5.680E-13
        6751.    5.758E-13
        6752.    5.814E-13
        6754.    5.731E-13
        6755.    5.634E-13
        6757.    5.642E-13
        6758.    5.720E-13
        6759.    5.791E-13
        6761.    5.842E-13
        6762.    5.822E-13
        6764.    5.760E-13
        6765.    5.763E-13
        6766.    5.731E-13
        6768.    5.747E-13
        6769.    5.709E-13
        6771.    5.724E-13
        6772.    5.728E-13
        6773.    5.799E-13
        6775.    5.858E-13
        6776.    5.974E-13
        6778.    6.023E-13
        6779.    5.912E-13
        6780.    5.854E-13
        6782.    5.812E-13
        6783.    5.683E-13
        6785.    5.539E-13
        6786.    5.590E-13
        6787.    5.699E-13
        6789.    5.769E-13
        6790.    5.746E-13
        6792.    5.700E-13
        6793.    5.738E-13
        6794.    5.732E-13
        6796.    5.676E-13
        6797.    5.668E-13
        6799.    5.754E-13
        6800.    5.831E-13
        6801.    5.766E-13
        6803.    5.694E-13
        6804.    5.668E-13
        6806.    5.662E-13
        6807.    5.669E-13
        6808.    5.660E-13
        6810.    5.595E-13
        6811.    5.589E-13
        6813.    5.628E-13
        6814.    5.650E-13
        6815.    5.694E-13
        6817.    5.665E-13
        6818.    5.556E-13
        6820.    5.469E-13
        6821.    5.474E-13
        6822.    5.597E-13
        6824.    5.738E-13
        6825.    5.799E-13
        6827.    5.835E-13
        6828.    5.762E-13
        6829.    5.721E-13
        6831.    5.681E-13
        6832.    5.730E-13
        6834.    5.687E-13
        6835.    5.615E-13
        6836.    5.487E-13
        6838.    5.352E-13
        6839.    5.265E-13
        6841.    5.335E-13
        6842.    5.450E-13
        6843.    5.462E-13
        6845.    5.567E-13
        6846.    5.639E-13
        6848.    5.669E-13
        6849.    5.662E-13
        6850.    5.704E-13
        6852.    5.668E-13
        6853.    5.537E-13
        6855.    5.413E-13
        6856.    5.407E-13
        6857.    5.482E-13
        6859.    5.523E-13
        6860.    5.508E-13
        6862.    5.456E-13
        6863.    5.417E-13
        6864.    5.388E-13
        6866.    5.111E-13
        6867.    4.613E-13
        6869.    4.203E-13
        6870.    4.082E-13
        6871.    4.182E-13
        6873.    4.329E-13
        6874.    4.504E-13
        6876.    4.661E-13
        6877.    4.776E-13
        6878.    4.915E-13
        6880.    5.018E-13
        6881.    5.090E-13
        6883.    5.135E-13
        6884.    5.086E-13
        6885.    5.091E-13
        6887.    5.110E-13
        6888.    5.108E-13
        6890.    5.047E-13
        6891.    5.058E-13
        6892.    5.076E-13
        6894.    5.027E-13
        6895.    4.980E-13
        6897.    5.028E-13
        6898.    5.084E-13
        6899.    5.096E-13
        6901.    5.082E-13
        6902.    5.163E-13
        6904.    5.079E-13
        6905.    5.035E-13
        6906.    5.154E-13
        6908.    5.243E-13
        6909.    5.242E-13
        6911.    5.177E-13
        6912.    5.093E-13
        6913.    4.995E-13
        6915.    5.105E-13
        6916.    5.284E-13
        6918.    5.377E-13
        6919.    5.438E-13
        6920.    5.501E-13
        6922.    5.448E-13
        6923.    5.343E-13
        6925.    5.297E-13
        6926.    5.328E-13
        6927.    5.351E-13
        6929.    5.336E-13
        6930.    5.371E-13
        6932.    5.393E-13
        6933.    5.320E-13
        6934.    5.242E-13
        6936.    5.229E-13
        6937.    5.263E-13
        6939.    5.301E-13
        6940.    5.342E-13
        6941.    5.402E-13
        6943.    5.413E-13
        6944.    5.385E-13
        6946.    5.455E-13
        6947.    5.534E-13
        6948.    5.434E-13
        6950.    5.301E-13
        6951.    5.269E-13
        6953.    5.312E-13
        6954.    5.425E-13
        6955.    5.517E-13
        6957.    5.572E-13
        6958.    5.499E-13
        6960.    5.540E-13
        6961.    5.675E-13
        6962.    5.725E-13
        6964.    5.644E-13
        6965.    5.524E-13
        6967.    5.469E-13
        6968.    5.540E-13
        6969.    5.575E-13
        6971.    5.593E-13
        6972.    5.591E-13
        6974.    5.507E-13
        6975.    5.336E-13
        6976.    5.123E-13
        6978.    5.000E-13
        6979.    5.028E-13
        6981.    5.196E-13
        6982.    5.323E-13
        6983.    5.341E-13
        6985.    5.335E-13
        6986.    5.412E-13
        6988.    5.517E-13
        6989.    5.611E-13
        6990.    5.651E-13
        6992.    5.562E-13
        6993.    5.423E-13
        6995.    5.363E-13
        6996.    5.380E-13
        6997.    5.415E-13
        6999.    5.429E-13
        7000.    5.341E-13
        7002.    5.253E-13
        7003.    5.258E-13
        7004.    5.310E-13
        7006.    5.343E-13
        7007.    5.414E-13
        7009.    5.499E-13
        7010.    5.493E-13
        7011.    5.482E-13
        7013.    5.438E-13
        7014.    5.249E-13
        7016.    4.955E-13
        7017.    5.084E-13
        7018.    5.326E-13
        7020.    5.536E-13
        7021.    5.437E-13
        7023.    5.366E-13
        7024.    5.257E-13
        7025.    5.277E-13
        7027.    5.408E-13
        7028.    5.482E-13
        7030.    5.526E-13
        7031.    5.404E-13
        7032.    5.344E-13
        7034.    5.463E-13
        7035.    5.548E-13
        7037.    5.447E-13
        7038.    5.371E-13
        7039.    5.426E-13
        7041.    5.536E-13
        7042.    5.452E-13
        7044.    5.357E-13
        7045.    5.371E-13
        7046.    5.447E-13
        7048.    5.500E-13
        7049.    5.516E-13
        7051.    5.485E-13
        7052.    5.373E-13
        7053.    5.315E-13
        7055.    5.345E-13
        7056.    5.317E-13
        7058.    5.282E-13
        7059.    5.298E-13
        7060.    5.261E-13
        7062.    5.356E-13
        7063.    5.446E-13
        7065.    5.330E-13
        7066.    5.317E-13
        7067.    5.372E-13
        7069.    5.374E-13
        7070.    5.354E-13
        7072.    5.291E-13
        7073.    5.347E-13
        7074.    5.317E-13
        7076.    5.394E-13
        7077.    5.522E-13
        7079.    5.608E-13
        7080.    5.586E-13
        7081.    5.536E-13
        7083.    5.330E-13
        7084.    5.227E-13
        7086.    5.318E-13
        7087.    5.362E-13
        7088.    5.368E-13
        7090.    5.356E-13
        7091.    5.317E-13
        7093.    5.466E-13
        7094.    5.606E-13
        7095.    5.702E-13
        7097.    5.716E-13
        7098.    5.677E-13
        7100.    5.666E-13
        7101.    5.562E-13
        7102.    5.488E-13
        7104.    5.446E-13
        7105.    5.381E-13
        7107.    5.304E-13
        7108.    5.231E-13
        7109.    5.172E-13
        7111.    5.102E-13
        7112.    5.086E-13
        7114.    5.234E-13
        7115.    5.374E-13
        7116.    5.419E-13
        7118.    5.457E-13
        7119.    5.377E-13
        7121.    5.295E-13
        7122.    5.221E-13
        7123.    5.322E-13
        7125.    5.450E-13
        7126.    5.455E-13
        7128.    5.293E-13
        7129.    5.136E-13
        7130.    5.109E-13
        7132.    5.217E-13
        7133.    5.255E-13
        7135.    5.304E-13
        7136.    5.366E-13
        7137.    5.544E-13
        7139.    5.632E-13
        7140.    5.606E-13
        7142.    5.557E-13
        7143.    5.434E-13
        7144.    5.320E-13
        7146.    5.165E-13
        7147.    5.231E-13
        7149.    5.300E-13
        7150.    5.246E-13
        7151.    5.170E-13
        7153.    5.165E-13
        7154.    5.251E-13
        7156.    5.329E-13
        7157.    5.358E-13
        7158.    5.428E-13
        7160.    5.381E-13
        7161.    5.327E-13
        7163.    5.230E-13
        7164.    5.107E-13
        7165.    5.136E-13
        7167.    5.197E-13
        7168.    5.231E-13
        7170.    5.297E-13
        7171.    5.319E-13
        7172.    5.304E-13
        7174.    5.251E-13
        7175.    5.181E-13
        7177.    5.130E-13
        7178.    5.009E-13
        7179.    4.933E-13
        7181.    4.916E-13
        7182.    4.925E-13
        7184.    4.928E-13
        7185.    4.795E-13
        7186.    4.699E-13
        7188.    4.735E-13
        7189.    4.810E-13
        7191.    4.765E-13
        7192.    4.971E-13
        7193.    5.075E-13
        7195.    5.144E-13
        7196.    5.115E-13
        7198.    5.150E-13
        7199.    5.116E-13
        7200.    5.232E-13
        7202.    5.303E-13
        7203.    5.284E-13
        7205.    5.264E-13
        7206.    5.020E-13
        7207.    4.991E-13
        7209.    5.089E-13
        7210.    5.200E-13
        7212.    5.400E-13
        7213.    5.453E-13
        7214.    5.515E-13
        7216.    5.552E-13
        7217.    5.448E-13
        7219.    5.348E-13
        7220.    5.362E-13
        7221.    5.333E-13
        7223.    5.258E-13
        7224.    5.288E-13
        7226.    5.372E-13
        7227.    5.385E-13
        7228.    5.399E-13
        7230.    5.312E-13
        7231.    5.135E-13
        7233.    5.111E-13
        7234.    5.187E-13
        7235.    5.253E-13
        7237.    5.220E-13
        7238.    5.117E-13
        7240.    5.064E-13
        7241.    5.040E-13
        7242.    5.056E-13
        7244.    5.143E-13
        7245.    5.197E-13
        7247.    5.250E-13
        7248.    5.281E-13
        7249.    5.374E-13
        7251.    5.489E-13
        7252.    5.434E-13
        7254.    5.337E-13
        7255.    5.307E-13
        7256.    5.323E-13
        7258.    5.360E-13
        7259.    5.234E-13
        7261.    5.155E-13
        7262.    5.115E-13
        7263.    5.206E-13
        7265.    5.361E-13
        7266.    5.487E-13
        7268.    5.496E-13
        7269.    5.366E-13
        7270.    5.272E-13
        7272.    5.248E-13
        7273.    5.199E-13
        7275.    5.107E-13
        7276.    5.028E-13
        7277.    5.010E-13
        7279.    5.023E-13
        7280.    5.062E-13
        7282.    5.215E-13
        7283.    5.256E-13
        7284.    5.166E-13
        7286.    5.135E-13
        7287.    5.045E-13
        7289.    4.937E-13
        7290.    4.984E-13
        7291.    5.136E-13
        7293.    5.276E-13
        7294.    5.326E-13
        7296.    5.219E-13
        7297.    5.056E-13
        7298.    5.111E-13
        7300.    5.209E-13
        7301.    5.131E-13
        7303.    5.023E-13
        7304.    4.956E-13
        7305.    5.051E-13
        7307.    5.192E-13
        7308.    5.170E-13
        7310.    5.178E-13
        7311.    5.240E-13
        7312.    5.355E-13
        7314.    5.443E-13
        7315.    5.394E-13
        7317.    5.277E-13
        7318.    5.187E-13
        7319.    5.289E-13
        7321.    5.310E-13
        7322.    5.266E-13
        7324.    5.105E-13
        7325.    4.908E-13
        7326.    5.060E-13
        7328.    5.115E-13
        7329.    5.166E-13
        7331.    5.199E-13
        7332.    5.090E-13
        7333.    5.012E-13
        7335.    4.982E-13
        7336.    5.056E-13
        7338.    5.190E-13
        7339.    5.275E-13
        7340.    5.369E-13
        7342.    5.366E-13
        7343.    5.374E-13
        7345.    5.373E-13
        7346.    5.270E-13
        7347.    5.221E-13
        7349.    5.230E-13
        7350.    5.178E-13
        7352.    5.108E-13
        7353.    5.093E-13
        7354.    5.063E-13
        7356.    5.021E-13
        7357.    5.088E-13
        7359.    5.200E-13
        7360.    5.186E-13
        7361.    5.107E-13
        7363.    5.138E-13
        7364.    5.217E-13
        7366.    5.243E-13
        7367.    5.135E-13
        7368.    5.216E-13
        7370.    5.215E-13
        7371.    5.139E-13
        7373.    5.130E-13
        7374.    5.211E-13
        7375.    5.197E-13
        7377.    5.087E-13
        7378.    4.963E-13
        7380.    4.999E-13
        7381.    5.051E-13
        7382.    5.121E-13
        7384.    5.012E-13
        7385.    4.954E-13
        7387.    4.893E-13
        7388.    4.708E-13
        7389.    4.682E-13
        7391.    4.804E-13
        7392.    4.924E-13
        7394.    4.958E-13
        7395.    5.002E-13
        7396.    5.128E-13
        7398.    5.123E-13
        7399.    5.039E-13
        7401.    5.042E-13
        7402.    5.081E-13
        7403.    5.134E-13
        7405.    5.120E-13
        7406.    5.068E-13
        7408.    5.009E-13
        7409.    4.918E-13
        7410.    4.915E-13
        7412.    4.921E-13
        7413.    4.849E-13
        7415.    4.778E-13
        7416.    4.777E-13
        7417.    4.879E-13
        7419.    4.924E-13
        7420.    4.942E-13
        7422.    4.840E-13
        7423.    4.627E-13
        7424.    4.628E-13
        7426.    4.781E-13
        7427.    4.920E-13
