        3510.    3.659E-11
        3511.    3.604E-11
        3513.    3.611E-11
        3514.    3.716E-11
        3516.    3.779E-11
        3517.    3.787E-11
        3518.    3.774E-11
        3520.    3.813E-11
        3521.    3.871E-11
        3523.    3.897E-11
        3524.    3.811E-11
        3525.    3.746E-11
        3527.    3.696E-11
        3528.    3.656E-11
        3530.    3.618E-11
        3531.    3.573E-11
        3532.    3.567E-11
        3534.    3.638E-11
        3535.    3.711E-11
        3537.    3.756E-11
        3538.    3.726E-11
        3539.    3.647E-11
        3541.    3.623E-11
        3542.    3.632E-11
        3544.    3.658E-11
        3545.    3.639E-11
        3546.    3.628E-11
        3548.    3.607E-11
        3549.    3.541E-11
        3551.    3.492E-11
        3552.    3.488E-11
        3553.    3.513E-11
        3555.    3.532E-11
        3556.    3.502E-11
        3558.    3.513E-11
        3559.    3.548E-11
        3560.    3.586E-11
        3562.    3.595E-11
        3563.    3.664E-11
        3565.    3.666E-11
        3566.    3.613E-11
        3567.    3.627E-11
        3569.    3.672E-11
        3570.    3.638E-11
        3572.    3.552E-11
        3573.    3.478E-11
        3574.    3.416E-11
        3576.    3.349E-11
        3577.    3.313E-11
        3579.    3.317E-11
        3580.    3.311E-11
        3581.    3.287E-11
        3583.    3.234E-11
        3584.    3.214E-11
        3586.    3.240E-11
        3587.    3.247E-11
        3588.    3.266E-11
        3590.    3.350E-11
        3591.    3.480E-11
        3593.    3.478E-11
        3594.    3.421E-11
        3595.    3.339E-11
        3597.    3.280E-11
        3598.    3.271E-11
        3600.    3.270E-11
        3601.    3.316E-11
        3602.    3.313E-11
        3604.    3.295E-11
        3605.    3.316E-11
        3607.    3.359E-11
        3608.    3.384E-11
        3609.    3.361E-11
        3611.    3.333E-11
        3612.    3.327E-11
        3614.    3.291E-11
        3615.    3.248E-11
        3616.    3.214E-11
        3618.    3.194E-11
        3619.    3.247E-11
        3621.    3.272E-11
        3622.    3.246E-11
        3623.    3.256E-11
        3625.    3.257E-11
        3626.    3.280E-11
        3628.    3.294E-11
        3629.    3.286E-11
        3630.    3.268E-11
        3632.    3.240E-11
        3633.    3.147E-11
        3635.    3.163E-11
        3636.    3.244E-11
        3637.    3.273E-11
        3639.    3.291E-11
        3640.    3.298E-11
        3642.    3.283E-11
        3643.    3.284E-11
        3644.    3.294E-11
        3646.    3.279E-11
        3647.    3.292E-11
        3649.    3.335E-11
        3650.    3.334E-11
        3651.    3.243E-11
        3653.    3.185E-11
        3654.    3.288E-11
        3656.    3.334E-11
        3657.    3.306E-11
        3658.    3.318E-11
        3660.    3.331E-11
        3661.    3.256E-11
        3663.    3.120E-11
        3664.    3.081E-11
        3665.    3.176E-11
        3667.    3.157E-11
        3668.    3.143E-11
        3670.    3.113E-11
        3671.    3.102E-11
        3672.    3.166E-11
        3674.    3.244E-11
        3675.    3.270E-11
        3677.    3.185E-11
        3678.    3.195E-11
        3679.    3.234E-11
        3681.    3.230E-11
        3682.    3.177E-11
        3684.    3.122E-11
        3685.    3.101E-11
        3686.    3.110E-11
        3688.    3.216E-11
        3689.    3.281E-11
        3691.    3.249E-11
        3692.    3.207E-11
        3693.    3.203E-11
        3695.    3.177E-11
        3696.    3.191E-11
        3698.    3.174E-11
        3699.    3.131E-11
        3700.    3.055E-11
        3702.    2.992E-11
        3703.    2.990E-11
        3705.    3.029E-11
        3706.    3.062E-11
        3707.    3.063E-11
        3709.    3.076E-11
        3710.    3.080E-11
        3712.    3.051E-11
        3713.    3.040E-11
        3714.    3.050E-11
        3716.    3.047E-11
        3717.    3.033E-11
        3719.    3.044E-11
        3720.    3.043E-11
        3721.    2.998E-11
        3723.    2.993E-11
        3724.    3.066E-11
        3726.    3.130E-11
        3727.    3.118E-11
        3728.    3.100E-11
        3730.    3.079E-11
        3731.    2.969E-11
        3733.    2.862E-11
        3734.    2.854E-11
        3735.    2.915E-11
        3737.    2.997E-11
        3738.    3.063E-11
        3740.    3.074E-11
        3741.    3.060E-11
        3742.    3.078E-11
        3744.    3.036E-11
        3745.    2.980E-11
        3747.    2.909E-11
        3748.    2.827E-11
        3749.    2.755E-11
        3751.    2.793E-11
        3752.    2.839E-11
        3754.    2.822E-11
        3755.    2.814E-11
        3756.    2.767E-11
        3758.    2.642E-11
        3759.    2.669E-11
        3761.    2.863E-11
        3762.    2.961E-11
        3763.    2.945E-11
        3765.    2.894E-11
        3766.    2.836E-11
        3768.    2.725E-11
        3769.    2.623E-11
        3770.    2.611E-11
        3772.    2.687E-11
        3773.    2.813E-11
        3775.    2.961E-11
        3776.    3.086E-11
        3777.    3.161E-11
        3779.    3.187E-11
        3780.    3.163E-11
        3782.    3.149E-11
        3783.    3.187E-11
        3784.    3.251E-11
        3786.    3.298E-11
        3787.    3.316E-11
        3789.    3.278E-11
        3790.    3.120E-11
        3791.    2.986E-11
        3793.    2.929E-11
        3794.    2.834E-11
        3796.    2.685E-11
        3797.    2.594E-11
        3798.    2.673E-11
        3800.    2.760E-11
        3801.    2.837E-11
        3803.    2.926E-11
        3804.    3.026E-11
        3805.    3.119E-11
        3807.    3.215E-11
        3808.    3.240E-11
        3810.    3.243E-11
        3811.    3.241E-11
        3812.    3.236E-11
        3814.    3.187E-11
        3815.    3.128E-11
        3817.    3.089E-11
        3818.    3.017E-11
        3819.    3.032E-11
        3821.    3.084E-11
        3822.    3.112E-11
        3824.    3.091E-11
        3825.    3.089E-11
        3826.    3.103E-11
        3828.    3.052E-11
        3829.    2.946E-11
        3831.    2.793E-11
        3832.    2.597E-11
        3833.    2.456E-11
        3835.    2.476E-11
        3836.    2.616E-11
        3838.    2.783E-11
        3839.    2.905E-11
        3840.    2.936E-11
        3842.    2.947E-11
        3843.    2.997E-11
        3845.    3.047E-11
        3846.    3.079E-11
        3847.    3.079E-11
        3849.    3.015E-11
        3850.    2.991E-11
        3852.    3.067E-11
        3853.    3.072E-11
        3854.    3.016E-11
        3856.    2.972E-11
        3857.    2.972E-11
        3859.    2.990E-11
        3860.    2.994E-11
        3861.    3.033E-11
        3863.    3.029E-11
        3864.    3.009E-11
        3866.    2.986E-11
        3867.    2.961E-11
        3868.    2.967E-11
        3870.    2.910E-11
        3871.    2.864E-11
        3873.    2.863E-11
        3874.    2.926E-11
        3875.    2.936E-11
        3877.    2.891E-11
        3878.    2.835E-11
        3880.    2.779E-11
        3881.    2.726E-11
        3882.    2.681E-11
        3884.    2.571E-11
        3885.    2.400E-11
        3887.    2.249E-11
        3888.    2.204E-11
        3889.    2.317E-11
        3891.    2.516E-11
        3892.    2.693E-11
        3894.    2.789E-11
        3895.    2.830E-11
        3896.    2.836E-11
        3898.    2.874E-11
        3899.    2.891E-11
        3901.    2.867E-11
        3902.    2.860E-11
        3903.    2.899E-11
        3905.    2.948E-11
        3906.    2.986E-11
        3908.    2.988E-11
        3909.    2.964E-11
        3910.    2.949E-11
        3912.    2.922E-11
        3913.    2.900E-11
        3915.    2.884E-11
        3916.    2.843E-11
        3917.    2.791E-11
        3919.    2.752E-11
        3920.    2.731E-11
        3922.    2.704E-11
        3923.    2.678E-11
        3924.    2.700E-11
        3926.    2.766E-11
        3927.    2.838E-11
        3929.    2.828E-11
        3930.    2.769E-11
        3931.    2.708E-11
        3933.    2.686E-11
        3934.    2.733E-11
        3936.    2.768E-11
        3937.    2.785E-11
        3938.    2.814E-11
        3940.    2.843E-11
        3941.    2.855E-11
        3943.    2.836E-11
        3944.    2.817E-11
        3945.    2.836E-11
        3947.    2.845E-11
        3948.    2.823E-11
        3950.    2.779E-11
        3951.    2.786E-11
        3952.    2.784E-11
        3954.    2.762E-11
        3955.    2.735E-11
        3957.    2.717E-11
        3958.    2.679E-11
        3959.    2.647E-11
        3961.    2.622E-11
        3962.    2.542E-11
        3964.    2.434E-11
        3965.    2.279E-11
        3966.    2.087E-11
        3968.    1.931E-11
        3969.    1.904E-11
        3971.    2.045E-11
        3972.    2.244E-11
        3973.    2.407E-11
        3975.    2.515E-11
        3976.    2.564E-11
        3978.    2.601E-11
        3979.    2.634E-11
        3980.    2.641E-11
        3982.    2.622E-11
        3983.    2.602E-11
        3985.    2.626E-11
        3986.    2.654E-11
        3987.    2.658E-11
        3989.    2.657E-11
        3990.    2.650E-11
        3992.    2.628E-11
        3993.    2.635E-11
        3994.    2.623E-11
        3996.    2.597E-11
        3997.    2.578E-11
        3999.    2.600E-11
        4000.    2.612E-11
        4001.    2.579E-11
        4003.    2.518E-11
        4004.    2.533E-11
        4006.    2.552E-11
        4007.    2.545E-11
        4008.    2.536E-11
        4010.    2.567E-11
        4011.    2.593E-11
        4013.    2.592E-11
        4014.    2.581E-11
        4015.    2.579E-11
        4017.    2.597E-11
        4018.    2.559E-11
        4020.    2.481E-11
        4021.    2.400E-11
        4022.    2.306E-11
        4024.    2.197E-11
        4025.    2.203E-11
        4027.    2.275E-11
        4028.    2.357E-11
        4029.    2.426E-11
        4031.    2.463E-11
        4032.    2.482E-11
        4034.    2.488E-11
        4035.    2.492E-11
        4036.    2.489E-11
        4038.    2.491E-11
        4039.    2.492E-11
        4041.    2.484E-11
        4042.    2.488E-11
        4043.    2.487E-11
        4045.    2.478E-11
        4046.    2.472E-11
        4048.    2.466E-11
        4049.    2.486E-11
        4050.    2.532E-11
        4052.    2.534E-11
        4053.    2.476E-11
        4055.    2.445E-11
        4056.    2.455E-11
        4057.    2.441E-11
        4059.    2.425E-11
        4060.    2.433E-11
        4062.    2.430E-11
        4063.    2.387E-11
        4064.    2.389E-11
        4066.    2.367E-11
        4067.    2.326E-11
        4069.    2.310E-11
        4070.    2.299E-11
        4071.    2.310E-11
        4073.    2.325E-11
        4074.    2.333E-11
        4076.    2.335E-11
        4077.    2.361E-11
        4078.    2.379E-11
        4080.    2.382E-11
        4081.    2.358E-11
        4083.    2.329E-11
        4084.    2.327E-11
        4085.    2.313E-11
        4087.    2.286E-11
        4088.    2.247E-11
        4090.    2.271E-11
        4091.    2.305E-11
        4092.    2.293E-11
        4094.    2.209E-11
        4095.    2.110E-11
        4097.    1.996E-11
        4098.    1.866E-11
        4099.    1.748E-11
        4101.    1.694E-11
        4102.    1.776E-11
        4104.    1.926E-11
        4105.    2.064E-11
        4106.    2.167E-11
        4108.    2.210E-11
        4109.    2.238E-11
        4111.    2.272E-11
        4112.    2.279E-11
        4113.    2.276E-11
        4115.    2.289E-11
        4116.    2.304E-11
        4118.    2.286E-11
        4119.    2.264E-11
        4120.    2.290E-11
        4122.    2.315E-11
        4123.    2.323E-11
        4125.    2.322E-11
        4126.    2.313E-11
        4127.    2.316E-11
        4129.    2.326E-11
        4130.    2.319E-11
        4132.    2.310E-11
        4133.    2.310E-11
        4134.    2.292E-11
        4136.    2.265E-11
        4137.    2.245E-11
        4139.    2.257E-11
        4140.    2.252E-11
        4141.    2.217E-11
        4143.    2.183E-11
        4144.    2.181E-11
        4146.    2.200E-11
        4147.    2.223E-11
        4148.    2.228E-11
        4150.    2.212E-11
        4151.    2.199E-11
        4153.    2.204E-11
        4154.    2.208E-11
        4155.    2.205E-11
        4157.    2.224E-11
        4158.    2.230E-11
        4160.    2.208E-11
        4161.    2.189E-11
        4162.    2.195E-11
        4164.    2.211E-11
        4165.    2.208E-11
        4167.    2.192E-11
        4168.    2.200E-11
        4169.    2.212E-11
        4171.    2.190E-11
        4172.    2.164E-11
        4174.    2.156E-11
        4175.    2.185E-11
        4176.    2.216E-11
        4178.    2.203E-11
        4179.    2.180E-11
        4181.    2.183E-11
        4182.    2.199E-11
        4183.    2.178E-11
        4185.    2.128E-11
        4186.    2.096E-11
        4188.    2.092E-11
        4189.    2.076E-11
        4190.    2.067E-11
        4192.    2.079E-11
        4193.    2.090E-11
        4195.    2.093E-11
        4196.    2.080E-11
        4197.    2.006E-11
        4199.    1.942E-11
        4200.    1.927E-11
        4202.    1.970E-11
        4203.    2.017E-11
        4204.    2.043E-11
        4206.    2.052E-11
        4207.    2.081E-11
        4209.    2.106E-11
        4210.    2.118E-11
        4211.    2.113E-11
        4213.    2.131E-11
        4214.    2.135E-11
        4216.    2.140E-11
        4217.    2.128E-11
        4218.    2.072E-11
        4220.    2.056E-11
        4221.    2.073E-11
        4223.    2.075E-11
        4224.    2.067E-11
        4225.    2.071E-11
        4227.    2.072E-11
        4228.    2.078E-11
        4230.    2.093E-11
        4231.    2.089E-11
        4232.    2.072E-11
        4234.    2.059E-11
        4235.    2.055E-11
        4237.    2.079E-11
        4238.    2.080E-11
        4239.    2.054E-11
        4241.    2.040E-11
        4242.    2.036E-11
        4244.    2.034E-11
        4245.    2.034E-11
        4246.    2.028E-11
        4248.    1.995E-11
        4249.    1.974E-11
        4251.    1.996E-11
        4252.    2.027E-11
        4253.    2.042E-11
        4255.    2.053E-11
        4256.    2.052E-11
        4258.    2.017E-11
        4259.    1.996E-11
        4260.    1.994E-11
        4262.    1.994E-11
        4263.    1.966E-11
        4265.    1.954E-11
        4266.    1.963E-11
        4267.    1.970E-11
        4269.    1.964E-11
        4270.    1.950E-11
        4272.    1.936E-11
        4273.    1.932E-11
        4274.    1.954E-11
        4276.    1.959E-11
        4277.    1.946E-11
        4279.    1.937E-11
        4280.    1.945E-11
        4281.    1.957E-11
        4283.    1.956E-11
        4284.    1.968E-11
        4286.    1.990E-11
        4287.    2.016E-11
        4288.    1.990E-11
        4290.    1.973E-11
        4291.    1.981E-11
        4293.    1.995E-11
        4294.    2.010E-11
        4295.    1.997E-11
        4297.    1.980E-11
        4298.    1.977E-11
        4300.    1.990E-11
        4301.    1.984E-11
        4302.    1.965E-11
        4304.    1.947E-11
        4305.    1.926E-11
        4307.    1.912E-11
        4308.    1.922E-11
        4309.    1.948E-11
        4311.    1.967E-11
        4312.    1.963E-11
        4314.    1.942E-11
        4315.    1.924E-11
        4316.    1.910E-11
        4318.    1.902E-11
        4319.    1.918E-11
        4321.    1.944E-11
        4322.    1.934E-11
        4323.    1.914E-11
        4325.    1.912E-11
        4326.    1.914E-11
        4328.    1.920E-11
        4329.    1.903E-11
        4330.    1.848E-11
        4332.    1.790E-11
        4333.    1.763E-11
        4335.    1.720E-11
        4336.    1.648E-11
        4337.    1.533E-11
        4339.    1.423E-11
        4340.    1.413E-11
        4342.    1.478E-11
        4343.    1.586E-11
        4344.    1.685E-11
        4346.    1.739E-11
        4347.    1.779E-11
        4349.    1.812E-11
        4350.    1.844E-11
        4351.    1.861E-11
        4353.    1.859E-11
        4354.    1.854E-11
        4356.    1.869E-11
        4357.    1.877E-11
        4358.    1.885E-11
        4360.    1.895E-11
        4361.    1.904E-11
        4363.    1.922E-11
        4364.    1.903E-11
        4365.    1.873E-11
        4367.    1.859E-11
        4368.    1.865E-11
        4370.    1.885E-11
        4371.    1.897E-11
        4372.    1.899E-11
        4374.    1.892E-11
        4375.    1.871E-11
        4377.    1.853E-11
        4378.    1.838E-11
        4379.    1.824E-11
        4381.    1.822E-11
        4382.    1.818E-11
        4384.    1.801E-11
        4385.    1.787E-11
        4386.    1.786E-11
        4388.    1.783E-11
        4389.    1.780E-11
        4391.    1.799E-11
        4392.    1.828E-11
        4393.    1.840E-11
        4395.    1.843E-11
        4396.    1.831E-11
        4398.    1.814E-11
        4399.    1.809E-11
        4400.    1.821E-11
        4402.    1.828E-11
        4403.    1.810E-11
        4405.    1.794E-11
        4406.    1.783E-11
        4407.    1.776E-11
        4409.    1.768E-11
        4410.    1.767E-11
        4412.    1.766E-11
        4413.    1.748E-11
        4414.    1.741E-11
        4416.    1.744E-11
        4417.    1.748E-11
        4419.    1.728E-11
        4420.    1.725E-11
        4421.    1.703E-11
        4423.    1.694E-11
        4424.    1.688E-11
        4426.    1.690E-11
        4427.    1.692E-11
        4428.    1.685E-11
        4430.    1.670E-11
        4431.    1.645E-11
        4433.    1.674E-11
        4434.    1.710E-11
        4435.    1.715E-11
        4437.    1.707E-11
        4438.    1.709E-11
        4440.    1.729E-11
        4441.    1.738E-11
        4442.    1.736E-11
        4444.    1.735E-11
        4445.    1.719E-11
        4447.    1.708E-11
        4448.    1.720E-11
        4449.    1.728E-11
        4451.    1.739E-11
        4452.    1.748E-11
        4454.    1.748E-11
        4455.    1.747E-11
        4456.    1.727E-11
        4458.    1.702E-11
        4459.    1.706E-11
        4461.    1.732E-11
        4462.    1.739E-11
        4463.    1.722E-11
        4465.    1.700E-11
        4466.    1.681E-11
        4468.    1.624E-11
        4469.    1.564E-11
        4470.    1.534E-11
        4472.    1.547E-11
        4473.    1.592E-11
        4475.    1.628E-11
        4476.    1.656E-11
        4477.    1.664E-11
        4479.    1.656E-11
        4480.    1.649E-11
        4482.    1.665E-11
        4483.    1.679E-11
        4484.    1.675E-11
        4486.    1.647E-11
        4487.    1.643E-11
        4489.    1.653E-11
        4490.    1.664E-11
        4491.    1.683E-11
        4493.    1.676E-11
        4494.    1.686E-11
        4496.    1.699E-11
        4497.    1.688E-11
        4498.    1.667E-11
        4500.    1.666E-11
        4501.    1.666E-11
        4503.    1.656E-11
        4504.    1.672E-11
        4505.    1.673E-11
        4507.    1.653E-11
        4508.    1.645E-11
        4510.    1.644E-11
        4511.    1.638E-11
        4512.    1.629E-11
        4514.    1.626E-11
        4515.    1.630E-11
        4517.    1.636E-11
        4518.    1.655E-11
        4519.    1.658E-11
        4521.    1.636E-11
        4522.    1.651E-11
        4524.    1.671E-11
        4525.    1.654E-11
        4526.    1.620E-11
        4528.    1.615E-11
        4529.    1.616E-11
        4531.    1.612E-11
        4532.    1.602E-11
        4533.    1.607E-11
        4535.    1.597E-11
        4536.    1.583E-11
        4538.    1.558E-11
        4539.    1.522E-11
        4540.    1.471E-11
        4542.    1.482E-11
        4543.    1.519E-11
        4545.    1.562E-11
        4546.    1.579E-11
        4547.    1.599E-11
        4549.    1.628E-11
        4550.    1.620E-11
        4552.    1.593E-11
        4553.    1.590E-11
        4554.    1.597E-11
        4556.    1.598E-11
        4557.    1.593E-11
        4559.    1.586E-11
        4560.    1.594E-11
        4561.    1.603E-11
        4563.    1.598E-11
        4564.    1.584E-11
        4566.    1.577E-11
        4567.    1.593E-11
        4568.    1.576E-11
        4570.    1.570E-11
        4571.    1.593E-11
        4573.    1.605E-11
        4574.    1.592E-11
        4575.    1.569E-11
        4577.    1.556E-11
        4578.    1.557E-11
        4580.    1.566E-11
        4581.    1.558E-11
        4582.    1.544E-11
        4584.    1.547E-11
        4585.    1.549E-11
        4587.    1.547E-11
        4588.    1.558E-11
        4589.    1.578E-11
        4591.    1.575E-11
        4592.    1.544E-11
        4594.    1.522E-11
        4595.    1.540E-11
        4596.    1.563E-11
        4598.    1.562E-11
        4599.    1.547E-11
        4601.    1.541E-11
        4602.    1.540E-11
        4603.    1.522E-11
        4605.    1.514E-11
        4606.    1.535E-11
        4608.    1.543E-11
        4609.    1.541E-11
        4610.    1.563E-11
        4612.    1.539E-11
        4613.    1.544E-11
        4615.    1.560E-11
        4616.    1.554E-11
        4617.    1.541E-11
        4619.    1.542E-11
        4620.    1.548E-11
        4622.    1.550E-11
        4623.    1.545E-11
        4624.    1.500E-11
        4626.    1.493E-11
        4627.    1.486E-11
        4629.    1.477E-11
        4630.    1.483E-11
        4631.    1.494E-11
        4633.    1.487E-11
        4634.    1.477E-11
        4636.    1.473E-11
        4637.    1.485E-11
        4638.    1.507E-11
        4640.    1.535E-11
        4641.    1.542E-11
        4643.    1.519E-11
        4644.    1.494E-11
        4645.    1.475E-11
        4647.    1.447E-11
        4648.    1.429E-11
        4650.    1.439E-11
        4651.    1.453E-11
        4652.    1.474E-11
        4654.    1.486E-11
        4655.    1.492E-11
        4657.    1.496E-11
        4658.    1.478E-11
        4659.    1.479E-11
        4661.    1.495E-11
        4662.    1.515E-11
        4664.    1.517E-11
        4665.    1.518E-11
        4666.    1.505E-11
        4668.    1.482E-11
        4669.    1.475E-11
        4671.    1.489E-11
        4672.    1.470E-11
        4673.    1.460E-11
        4675.    1.454E-11
        4676.    1.457E-11
        4678.    1.453E-11
        4679.    1.438E-11
        4680.    1.428E-11
        4682.    1.395E-11
        4683.    1.356E-11
        4685.    1.325E-11
        4686.    1.343E-11
        4687.    1.392E-11
        4689.    1.426E-11
        4690.    1.456E-11
        4692.    1.476E-11
        4693.    1.476E-11
        4694.    1.452E-11
        4696.    1.456E-11
        4697.    1.466E-11
        4699.    1.452E-11
        4700.    1.434E-11
        4701.    1.459E-11
        4703.    1.472E-11
        4704.    1.461E-11
        4706.    1.450E-11
        4707.    1.440E-11
        4708.    1.430E-11
        4710.    1.416E-11
        4711.    1.394E-11
        4713.    1.370E-11
        4714.    1.374E-11
        4715.    1.402E-11
        4717.    1.417E-11
        4718.    1.419E-11
        4720.    1.414E-11
        4721.    1.400E-11
        4722.    1.389E-11
        4724.    1.382E-11
        4725.    1.373E-11
        4727.    1.364E-11
        4728.    1.383E-11
        4729.    1.422E-11
        4731.    1.444E-11
        4732.    1.442E-11
        4734.    1.421E-11
        4735.    1.419E-11
        4736.    1.429E-11
        4738.    1.423E-11
        4739.    1.401E-11
        4741.    1.382E-11
        4742.    1.391E-11
        4743.    1.426E-11
        4745.    1.440E-11
        4746.    1.422E-11
        4748.    1.416E-11
        4749.    1.424E-11
        4750.    1.411E-11
        4752.    1.370E-11
        4753.    1.342E-11
        4755.    1.301E-11
        4756.    1.286E-11
        4757.    1.300E-11
        4759.    1.331E-11
        4760.    1.323E-11
        4762.    1.306E-11
        4763.    1.309E-11
        4764.    1.315E-11
        4766.    1.317E-11
        4767.    1.312E-11
        4769.    1.326E-11
        4770.    1.343E-11
        4771.    1.351E-11
        4773.    1.353E-11
        4774.    1.344E-11
        4776.    1.333E-11
        4777.    1.319E-11
        4778.    1.315E-11
        4780.    1.324E-11
        4781.    1.322E-11
        4783.    1.319E-11
        4784.    1.323E-11
        4785.    1.321E-11
        4787.    1.319E-11
        4788.    1.328E-11
        4790.    1.328E-11
        4791.    1.317E-11
        4792.    1.317E-11
        4794.    1.326E-11
        4795.    1.321E-11
        4797.    1.337E-11
        4798.    1.333E-11
        4799.    1.339E-11
        4801.    1.355E-11
        4802.    1.344E-11
        4804.    1.311E-11
        4805.    1.301E-11
        4806.    1.307E-11
        4808.    1.311E-11
        4809.    1.312E-11
        4811.    1.308E-11
        4812.    1.296E-11
        4813.    1.308E-11
        4815.    1.305E-11
        4816.    1.297E-11
        4818.    1.299E-11
        4819.    1.301E-11
        4820.    1.288E-11
        4822.    1.270E-11
        4823.    1.253E-11
        4825.    1.248E-11
        4826.    1.253E-11
        4827.    1.272E-11
        4829.    1.264E-11
        4830.    1.263E-11
        4832.    1.275E-11
        4833.    1.284E-11
        4834.    1.293E-11
        4836.    1.270E-11
        4837.    1.245E-11
        4839.    1.242E-11
        4840.    1.247E-11
        4841.    1.248E-11
        4843.    1.258E-11
        4844.    1.272E-11
        4846.    1.268E-11
        4847.    1.252E-11
        4848.    1.238E-11
        4850.    1.224E-11
        4851.    1.210E-11
        4853.    1.193E-11
        4854.    1.160E-11
        4855.    1.110E-11
        4857.    1.052E-11
        4858.    9.793E-12
        4860.    9.061E-12
        4861.    8.916E-12
        4862.    9.343E-12
        4864.    9.963E-12
        4865.    1.052E-11
        4867.    1.098E-11
        4868.    1.110E-11
        4869.    1.131E-11
        4871.    1.152E-11
        4872.    1.170E-11
        4874.    1.185E-11
        4875.    1.190E-11
        4876.    1.180E-11
        4878.    1.178E-11
        4879.    1.186E-11
        4881.    1.192E-11
        4882.    1.178E-11
        4883.    1.183E-11
        4885.    1.195E-11
        4886.    1.203E-11
        4888.    1.207E-11
        4889.    1.195E-11
        4890.    1.188E-11
        4892.    1.200E-11
        4893.    1.215E-11
        4895.    1.207E-11
        4896.    1.206E-11
        4897.    1.204E-11
        4899.    1.198E-11
        4900.    1.190E-11
        4902.    1.186E-11
        4903.    1.192E-11
        4904.    1.195E-11
        4906.    1.186E-11
        4907.    1.185E-11
        4909.    1.188E-11
        4910.    1.236E-11
        4911.    1.234E-11
        4913.    1.225E-11
        4914.    1.214E-11
        4916.    1.203E-11
        4917.    1.195E-11
        4918.    1.184E-11
        4920.    1.173E-11
        4921.    1.148E-11
        4923.    1.148E-11
        4924.    1.163E-11
        4925.    1.180E-11
        4927.    1.197E-11
        4928.    1.205E-11
        4930.    1.232E-11
        4931.    1.219E-11
        4932.    1.183E-11
        4934.    1.182E-11
        4935.    1.186E-11
        4937.    1.189E-11
        4938.    1.185E-11
        4939.    1.179E-11
        4941.    1.175E-11
        4942.    1.180E-11
        4944.    1.195E-11
        4945.    1.190E-11
        4946.    1.195E-11
        4948.    1.198E-11
        4949.    1.200E-11
        4951.    1.209E-11
        4952.    1.202E-11
        4953.    1.194E-11
        4955.    1.177E-11
        4956.    1.173E-11
        4958.    1.178E-11
        4959.    1.174E-11
        4960.    1.183E-11
        4962.    1.185E-11
        4963.    1.167E-11
        4965.    1.161E-11
        4966.    1.143E-11
        4967.    1.134E-11
        4969.    1.138E-11
        4970.    1.134E-11
        4972.    1.125E-11
        4973.    1.133E-11
        4974.    1.131E-11
        4976.    1.138E-11
        4977.    1.144E-11
        4979.    1.132E-11
        4980.    1.132E-11
        4981.    1.131E-11
        4983.    1.125E-11
        4984.    1.136E-11
        4986.    1.139E-11
        4987.    1.128E-11
        4988.    1.127E-11
        4990.    1.123E-11
        4991.    1.111E-11
        4993.    1.107E-11
        4994.    1.127E-11
        4995.    1.124E-11
        4997.    1.129E-11
        4998.    1.146E-11
        5000.    1.153E-11
        5001.    1.147E-11
        5002.    1.123E-11
        5004.    1.119E-11
        5005.    1.104E-11
        5007.    1.091E-11
        5008.    1.099E-11
        5009.    1.116E-11
        5011.    1.125E-11
        5012.    1.080E-11
        5014.    1.059E-11
        5015.    1.052E-11
        5016.    1.055E-11
        5018.    1.072E-11
        5019.    1.092E-11
        5021.    1.099E-11
        5022.    1.102E-11
        5023.    1.088E-11
        5025.    1.082E-11
        5026.    1.083E-11
        5028.    1.078E-11
        5029.    1.077E-11
        5030.    1.077E-11
        5032.    1.075E-11
        5033.    1.088E-11
        5035.    1.101E-11
        5036.    1.091E-11
        5037.    1.089E-11
        5039.    1.087E-11
        5040.    1.086E-11
        5042.    1.082E-11
        5043.    1.071E-11
        5044.    1.087E-11
        5046.    1.079E-11
        5047.    1.063E-11
        5049.    1.066E-11
        5050.    1.082E-11
        5051.    1.077E-11
        5053.    1.078E-11
        5054.    1.074E-11
        5056.    1.061E-11
        5057.    1.044E-11
        5058.    1.034E-11
        5060.    1.044E-11
        5061.    1.034E-11
        5063.    1.025E-11
        5064.    1.021E-11
        5065.    1.028E-11
        5067.    1.042E-11
        5068.    1.048E-11
        5070.    1.043E-11
        5071.    1.044E-11
        5072.    1.049E-11
        5074.    1.046E-11
        5075.    1.033E-11
        5077.    1.030E-11
        5078.    1.032E-11
        5079.    1.027E-11
        5081.    1.027E-11
        5082.    1.031E-11
        5084.    1.029E-11
        5085.    1.023E-11
        5086.    1.036E-11
        5088.    1.043E-11
        5089.    1.025E-11
        5091.    1.013E-11
        5092.    1.010E-11
        5093.    1.017E-11
        5095.    1.027E-11
        5096.    1.049E-11
        5098.    1.065E-11
        5099.    1.057E-11
        5100.    1.033E-11
        5102.    1.027E-11
        5103.    1.027E-11
        5105.    1.026E-11
        5106.    1.017E-11
        5107.    1.002E-11
        5109.    9.851E-12
        5110.    9.733E-12
        5112.    9.930E-12
        5113.    1.010E-11
        5114.    1.017E-11
        5116.    1.024E-11
        5117.    1.032E-11
        5119.    1.019E-11
        5120.    1.001E-11
        5121.    9.977E-12
        5123.    1.006E-11
        5124.    1.015E-11
        5126.    1.010E-11
        5127.    1.007E-11
        5128.    1.013E-11
        5130.    1.010E-11
        5131.    9.948E-12
        5133.    9.861E-12
        5134.    9.902E-12
        5135.    9.909E-12
        5137.    9.949E-12
        5138.    9.937E-12
        5140.    9.925E-12
        5141.    9.975E-12
        5142.    1.004E-11
        5144.    1.002E-11
        5145.    9.947E-12
        5147.    9.967E-12
        5148.    1.011E-11
        5149.    9.966E-12
        5151.    9.986E-12
        5152.    1.004E-11
        5154.    1.009E-11
        5155.    9.953E-12
        5156.    9.956E-12
        5158.    9.724E-12
        5159.    9.747E-12
        5161.    9.912E-12
        5162.    1.002E-11
        5163.    9.922E-12
        5165.    9.815E-12
        5166.    9.760E-12
        5168.    9.696E-12
        5169.    9.551E-12
        5170.    9.422E-12
        5172.    9.567E-12
        5173.    9.726E-12
        5175.    9.653E-12
        5176.    9.524E-12
        5177.    9.522E-12
        5179.    9.661E-12
        5180.    9.645E-12
        5182.    9.500E-12
        5183.    9.486E-12
        5184.    9.597E-12
        5186.    9.673E-12
        5187.    9.593E-12
        5189.    9.539E-12
        5190.    9.562E-12
        5191.    9.623E-12
        5193.    9.636E-12
        5194.    9.701E-12
        5196.    9.685E-12
        5197.    9.615E-12
        5198.    9.523E-12
        5200.    9.454E-12
        5201.    9.503E-12
        5203.    9.518E-12
        5204.    9.559E-12
        5205.    9.544E-12
        5207.    9.668E-12
        5208.    9.536E-12
        5210.    9.399E-12
        5211.    9.371E-12
        5212.    9.410E-12
        5214.    9.496E-12
        5215.    9.527E-12
        5217.    9.515E-12
        5218.    9.504E-12
        5219.    9.499E-12
        5221.    9.438E-12
        5222.    9.403E-12
        5224.    9.459E-12
        5225.    9.482E-12
        5226.    9.441E-12
        5228.    9.441E-12
        5229.    9.474E-12
        5231.    9.379E-12
        5232.    9.327E-12
        5233.    9.301E-12
        5235.    9.211E-12
        5236.    9.296E-12
        5238.    9.423E-12
        5239.    9.388E-12
        5240.    9.229E-12
        5242.    8.878E-12
        5243.    9.123E-12
        5245.    9.163E-12
        5246.    9.123E-12
        5247.    9.102E-12
        5249.    9.144E-12
        5250.    9.107E-12
        5252.    9.073E-12
        5253.    9.048E-12
        5254.    9.100E-12
        5256.    8.924E-12
        5257.    8.846E-12
        5259.    8.944E-12
        5260.    9.093E-12
        5261.    9.020E-12
        5263.    8.912E-12
        5264.    8.927E-12
        5266.    8.983E-12
        5267.    9.014E-12
        5268.    9.064E-12
        5270.    9.103E-12
        5271.    9.064E-12
        5273.    9.000E-12
        5274.    8.993E-12
        5275.    9.015E-12
        5277.    8.970E-12
        5278.    8.918E-12
        5280.    8.918E-12
        5281.    8.944E-12
        5282.    8.753E-12
        5284.    8.683E-12
        5285.    8.692E-12
        5287.    8.728E-12
        5288.    8.757E-12
        5289.    8.713E-12
        5291.    8.720E-12
        5292.    8.757E-12
        5294.    8.788E-12
        5295.    8.915E-12
        5296.    8.989E-12
        5298.    9.046E-12
        5299.    8.989E-12
        5301.    8.817E-12
        5302.    8.828E-12
        5303.    8.826E-12
        5305.    8.819E-12
        5306.    8.885E-12
        5308.    8.874E-12
        5309.    8.799E-12
        5310.    8.783E-12
        5312.    8.834E-12
        5313.    8.882E-12
        5315.    8.735E-12
        5316.    8.577E-12
        5317.    8.548E-12
        5319.    8.526E-12
        5320.    8.419E-12
        5322.    8.304E-12
        5323.    8.369E-12
        5324.    8.504E-12
        5326.    8.554E-12
        5327.    8.491E-12
        5329.    8.499E-12
        5330.    8.449E-12
        5331.    8.341E-12
        5333.    8.266E-12
        5334.    8.302E-12
        5336.    8.383E-12
        5337.    8.412E-12
        5338.    8.482E-12
        5340.    8.627E-12
        5341.    8.594E-12
        5343.    8.530E-12
        5344.    8.448E-12
        5345.    8.320E-12
        5347.    8.408E-12
        5348.    8.422E-12
        5350.    8.418E-12
        5351.    8.446E-12
        5352.    8.465E-12
        5354.    8.343E-12
        5355.    8.309E-12
        5357.    8.362E-12
        5358.    8.419E-12
        5359.    8.441E-12
        5361.    8.350E-12
        5362.    8.229E-12
        5364.    8.127E-12
        5365.    8.134E-12
        5366.    8.181E-12
        5368.    8.209E-12
        5369.    8.302E-12
        5371.    8.308E-12
        5372.    8.261E-12
        5373.    8.297E-12
        5375.    8.326E-12
        5376.    8.347E-12
        5378.    8.325E-12
        5379.    8.258E-12
        5380.    8.363E-12
        5382.    8.337E-12
        5383.    8.289E-12
        5385.    8.249E-12
        5386.    8.115E-12
        5387.    8.067E-12
        5389.    8.082E-12
        5390.    8.116E-12
        5392.    8.240E-12
        5393.    8.225E-12
        5394.    8.142E-12
        5396.    8.011E-12
        5397.    7.823E-12
        5399.    7.822E-12
        5400.    7.916E-12
        5401.    7.987E-12
        5403.    7.983E-12
        5404.    7.880E-12
        5406.    7.871E-12
        5407.    7.874E-12
        5408.    7.753E-12
        5410.    7.526E-12
        5411.    7.240E-12
        5413.    7.101E-12
        5414.    7.227E-12
        5415.    7.506E-12
        5417.    7.826E-12
        5418.    7.995E-12
        5420.    7.941E-12
        5421.    7.887E-12
        5422.    7.904E-12
        5424.    7.963E-12
        5425.    8.030E-12
        5427.    8.012E-12
        5428.    7.994E-12
        5429.    8.152E-12
        5431.    8.215E-12
        5432.    8.185E-12
        5434.    8.105E-12
        5435.    7.923E-12
        5436.    8.046E-12
        5438.    8.032E-12
        5439.    7.957E-12
        5441.    7.873E-12
        5442.    7.861E-12
        5443.    7.880E-12
        5445.    7.904E-12
        5446.    7.873E-12
        5448.    7.986E-12
        5449.    7.878E-12
        5450.    7.729E-12
        5452.    7.706E-12
        5453.    7.786E-12
        5455.    7.819E-12
        5456.    7.736E-12
        5457.    7.619E-12
        5459.    7.568E-12
        5460.    7.539E-12
        5462.    7.563E-12
        5463.    7.629E-12
        5464.    7.622E-12
        5466.    7.549E-12
        5467.    7.493E-12
        5469.    7.525E-12
        5470.    7.565E-12
        5471.    7.503E-12
        5473.    7.435E-12
        5474.    7.563E-12
        5476.    7.577E-12
        5477.    7.519E-12
        5478.    7.418E-12
        5480.    7.361E-12
        5481.    7.412E-12
        5483.    7.482E-12
        5484.    7.465E-12
        5485.    7.439E-12
        5487.    7.462E-12
        5488.    7.483E-12
        5490.    7.469E-12
        5491.    7.465E-12
        5492.    7.409E-12
        5494.    7.477E-12
        5495.    7.519E-12
        5497.    7.478E-12
        5498.    7.435E-12
        5499.    7.497E-12
        5501.    7.495E-12
        5502.    7.445E-12
        5504.    7.484E-12
        5505.    7.490E-12
        5506.    7.458E-12
        5508.    7.425E-12
        5509.    7.333E-12
        5511.    7.186E-12
        5512.    7.258E-12
        5513.    7.502E-12
        5515.    7.531E-12
        5516.    7.446E-12
        5518.    7.386E-12
        5519.    7.363E-12
        5520.    7.364E-12
        5522.    7.335E-12
        5523.    7.270E-12
        5525.    7.190E-12
        5526.    7.237E-12
        5527.    7.251E-12
        5529.    7.155E-12
        5530.    7.192E-12
        5532.    7.194E-12
        5533.    7.165E-12
        5534.    7.078E-12
        5536.    7.048E-12
        5537.    7.137E-12
        5539.    7.125E-12
        5540.    7.077E-12
        5541.    7.150E-12
        5543.    7.121E-12
        5544.    7.094E-12
        5546.    7.106E-12
        5547.    7.117E-12
        5548.    7.196E-12
        5550.    7.115E-12
        5551.    7.016E-12
        5553.    7.029E-12
        5554.    7.033E-12
        5555.    7.068E-12
        5557.    7.095E-12
        5558.    7.045E-12
        5560.    7.054E-12
        5561.    7.182E-12
        5562.    7.285E-12
        5564.    7.284E-12
        5565.    7.226E-12
        5567.    7.160E-12
        5568.    7.089E-12
        5569.    6.980E-12
        5571.    7.007E-12
        5572.    7.056E-12
        5574.    6.993E-12
        5575.    6.958E-12
        5576.    6.956E-12
        5578.    6.928E-12
        5579.    6.862E-12
        5581.    6.911E-12
        5582.    6.913E-12
        5583.    6.914E-12
        5585.    6.904E-12
        5586.    6.944E-12
        5588.    6.967E-12
        5589.    6.915E-12
        5590.    6.865E-12
        5592.    6.715E-12
        5593.    6.601E-12
        5595.    6.671E-12
        5596.    6.754E-12
        5597.    6.775E-12
        5599.    6.781E-12
        5600.    6.827E-12
        5602.    6.883E-12
        5603.    6.912E-12
        5604.    6.888E-12
        5606.    6.789E-12
        5607.    6.751E-12
        5609.    6.813E-12
        5610.    6.798E-12
        5611.    6.774E-12
        5613.    6.797E-12
        5614.    6.730E-12
        5616.    6.685E-12
        5617.    6.646E-12
        5618.    6.575E-12
        5620.    6.630E-12
        5621.    6.678E-12
        5623.    6.730E-12
        5624.    6.804E-12
        5625.    6.752E-12
        5627.    6.688E-12
        5628.    6.600E-12
        5630.    6.499E-12
        5631.    6.490E-12
        5632.    6.518E-12
        5634.    6.563E-12
        5635.    6.601E-12
        5637.    6.623E-12
        5638.    6.628E-12
        5639.    6.605E-12
        5641.    6.586E-12
        5642.    6.644E-12
        5644.    6.674E-12
        5645.    6.662E-12
        5646.    6.595E-12
        5648.    6.498E-12
        5649.    6.452E-12
        5651.    6.433E-12
        5652.    6.467E-12
        5653.    6.577E-12
        5655.    6.632E-12
        5656.    6.628E-12
        5658.    6.604E-12
        5659.    6.522E-12
        5660.    6.483E-12
        5662.    6.481E-12
        5663.    6.467E-12
        5665.    6.458E-12
        5666.    6.425E-12
        5667.    6.431E-12
        5669.    6.446E-12
        5670.    6.357E-12
        5672.    6.380E-12
        5673.    6.492E-12
        5674.    6.578E-12
        5676.    6.584E-12
        5677.    6.509E-12
        5679.    6.447E-12
        5680.    6.412E-12
        5681.    6.389E-12
        5683.    6.358E-12
        5684.    6.339E-12
        5686.    6.372E-12
        5687.    6.367E-12
        5688.    6.312E-12
        5690.    6.273E-12
        5691.    6.298E-12
        5693.    6.343E-12
        5694.    6.365E-12
        5695.    6.508E-12
        5697.    6.595E-12
        5698.    6.497E-12
        5700.    6.321E-12
        5701.    6.253E-12
        5702.    6.276E-12
        5704.    6.271E-12
        5705.    6.290E-12
        5707.    6.308E-12
        5708.    6.302E-12
        5709.    6.316E-12
        5711.    6.302E-12
        5712.    6.245E-12
        5714.    6.216E-12
        5715.    6.216E-12
        5716.    6.251E-12
        5718.    6.291E-12
        5719.    6.283E-12
        5721.    6.251E-12
        5722.    6.251E-12
        5723.    6.331E-12
        5725.    6.329E-12
        5726.    6.257E-12
        5728.    6.208E-12
        5729.    6.263E-12
        5730.    6.250E-12
        5732.    6.189E-12
        5733.    6.173E-12
        5735.    6.175E-12
        5736.    6.202E-12
        5737.    6.204E-12
        5739.    6.204E-12
        5740.    6.149E-12
        5742.    6.102E-12
        5743.    6.118E-12
        5744.    6.131E-12
        5746.    6.094E-12
        5747.    6.039E-12
        5749.    6.082E-12
        5750.    6.147E-12
        5751.    6.152E-12
        5753.    6.156E-12
        5754.    6.151E-12
        5756.    6.164E-12
        5757.    6.159E-12
        5758.    6.077E-12
        5760.    6.071E-12
        5761.    6.120E-12
        5763.    6.019E-12
        5764.    5.955E-12
        5765.    5.954E-12
        5767.    6.016E-12
        5768.    6.083E-12
        5770.    5.977E-12
        5771.    5.864E-12
        5772.    5.833E-12
        5774.    5.884E-12
        5775.    5.960E-12
        5777.    5.899E-12
        5778.    5.764E-12
        5779.    5.656E-12
        5781.    5.646E-12
        5782.    5.649E-12
        5784.    5.724E-12
        5785.    5.782E-12
        5786.    5.826E-12
        5788.    5.793E-12
        5789.    5.795E-12
        5791.    5.793E-12
        5792.    5.793E-12
        5793.    5.864E-12
        5795.    5.896E-12
        5796.    5.826E-12
        5798.    5.769E-12
        5799.    5.745E-12
        5800.    5.635E-12
        5802.    5.489E-12
        5803.    5.538E-12
        5805.    5.729E-12
        5806.    5.821E-12
        5807.    5.834E-12
        5809.    5.798E-12
        5810.    5.688E-12
        5812.    5.538E-12
        5813.    5.491E-12
        5814.    5.564E-12
        5816.    5.741E-12
        5817.    5.763E-12
        5819.    5.826E-12
        5820.    5.810E-12
        5821.    5.766E-12
        5823.    5.739E-12
        5824.    5.711E-12
        5826.    5.753E-12
        5827.    5.819E-12
        5828.    5.834E-12
        5830.    5.831E-12
        5831.    5.789E-12
        5833.    5.754E-12
        5834.    5.726E-12
        5835.    5.666E-12
        5837.    5.641E-12
        5838.    5.734E-12
        5840.    5.794E-12
        5841.    5.778E-12
        5842.    5.747E-12
        5844.    5.728E-12
        5845.    5.740E-12
        5847.    5.723E-12
        5848.    5.684E-12
        5849.    5.702E-12
        5851.    5.767E-12
        5852.    5.833E-12
        5854.    5.852E-12
        5855.    5.769E-12
        5856.    5.618E-12
        5858.    5.610E-12
        5859.    5.742E-12
        5861.    5.747E-12
        5862.    5.621E-12
        5863.    5.661E-12
        5865.    5.689E-12
        5866.    5.663E-12
        5868.    5.604E-12
        5869.    5.798E-12
        5870.    5.752E-12
        5872.    5.620E-12
        5873.    5.440E-12
        5875.    5.197E-12
        5876.    4.885E-12
        5877.    5.207E-12
        5879.    5.634E-12
        5880.    5.844E-12
        5882.    5.787E-12
        5883.    5.737E-12
        5884.    5.734E-12
        5886.    5.708E-12
        5887.    5.568E-12
        5889.    5.143E-12
        5890.    4.850E-12
        5891.    5.022E-12
        5893.    5.299E-12
        5894.    5.284E-12
        5896.    5.031E-12
        5897.    5.016E-12
        5898.    5.298E-12
        5900.    5.479E-12
        5901.    5.577E-12
        5903.    5.675E-12
        5904.    5.762E-12
        5905.    5.827E-12
        5907.    5.827E-12
        5908.    5.849E-12
        5910.    5.817E-12
        5911.    5.744E-12
        5912.    5.672E-12
        5914.    5.673E-12
        5915.    5.629E-12
        5917.    5.582E-12
        5918.    5.589E-12
        5919.    5.574E-12
        5921.    5.561E-12
        5922.    5.586E-12
        5924.    5.623E-12
        5925.    5.576E-12
        5926.    5.553E-12
        5928.    5.544E-12
        5929.    5.587E-12
        5931.    5.631E-12
        5932.    5.564E-12
        5933.    5.533E-12
        5935.    5.551E-12
        5936.    5.558E-12
        5938.    5.460E-12
        5939.    5.469E-12
        5940.    5.536E-12
        5942.    5.476E-12
        5943.    5.412E-12
        5945.    5.408E-12
        5946.    5.421E-12
        5947.    5.469E-12
        5949.    5.549E-12
        5950.    5.549E-12
        5952.    5.448E-12
        5953.    5.357E-12
        5954.    5.325E-12
        5956.    5.248E-12
        5957.    5.324E-12
        5959.    5.405E-12
        5960.    5.361E-12
        5961.    5.353E-12
        5963.    5.428E-12
        5964.    5.313E-12
        5966.    5.327E-12
        5967.    5.407E-12
        5968.    5.425E-12
        5970.    5.397E-12
        5971.    5.403E-12
        5973.    5.419E-12
        5974.    5.501E-12
        5975.    5.489E-12
        5977.    5.413E-12
        5978.    5.337E-12
        5980.    5.275E-12
        5981.    5.329E-12
        5982.    5.348E-12
        5984.    5.335E-12
        5985.    5.361E-12
        5987.    5.382E-12
        5988.    5.443E-12
        5989.    5.393E-12
        5991.    5.317E-12
        5992.    5.359E-12
        5994.    5.391E-12
        5995.    5.437E-12
        5996.    5.467E-12
        5998.    5.366E-12
        5999.    5.243E-12
        6001.    5.246E-12
        6002.    5.224E-12
        6003.    5.243E-12
        6005.    5.258E-12
        6006.    5.280E-12
        6008.    5.273E-12
        6009.    5.380E-12
        6010.    5.348E-12
        6012.    5.292E-12
        6013.    5.309E-12
        6015.    5.289E-12
        6016.    5.271E-12
        6017.    5.163E-12
        6019.    5.173E-12
        6020.    5.231E-12
        6022.    5.240E-12
        6023.    5.244E-12
        6024.    5.143E-12
        6026.    5.062E-12
        6027.    5.077E-12
        6029.    5.190E-12
        6030.    5.310E-12
        6031.    5.312E-12
        6033.    5.207E-12
        6034.    5.159E-12
        6036.    5.083E-12
        6037.    5.076E-12
        6038.    5.178E-12
        6040.    5.216E-12
        6041.    5.108E-12
        6043.    5.046E-12
        6044.    5.124E-12
        6045.    5.048E-12
        6047.    4.970E-12
        6048.    5.006E-12
        6050.    5.026E-12
        6051.    5.013E-12
        6052.    5.071E-12
        6054.    5.066E-12
        6055.    5.045E-12
        6057.    5.046E-12
        6058.    5.035E-12
        6059.    5.052E-12
        6061.    5.036E-12
        6062.    4.967E-12
        6064.    4.950E-12
        6065.    5.109E-12
        6066.    5.146E-12
        6068.    5.160E-12
        6069.    5.164E-12
        6071.    5.145E-12
        6072.    5.190E-12
        6073.    5.141E-12
        6075.    5.103E-12
        6076.    5.073E-12
        6078.    4.994E-12
        6079.    4.995E-12
        6080.    4.979E-12
        6082.    4.970E-12
        6083.    4.995E-12
        6085.    4.917E-12
        6086.    4.926E-12
        6087.    5.034E-12
        6089.    5.157E-12
        6090.    5.078E-12
        6092.    5.009E-12
        6093.    4.896E-12
        6094.    4.885E-12
        6096.    4.934E-12
        6097.    4.954E-12
        6099.    4.944E-12
        6100.    4.854E-12
        6101.    4.759E-12
        6103.    4.841E-12
        6104.    4.907E-12
        6106.    4.928E-12
        6107.    4.959E-12
        6108.    4.998E-12
        6110.    5.004E-12
        6111.    4.930E-12
        6113.    4.912E-12
        6114.    4.943E-12
        6115.    4.942E-12
        6117.    4.949E-12
        6118.    4.961E-12
        6120.    4.940E-12
        6121.    4.910E-12
        6122.    4.864E-12
        6124.    4.822E-12
        6125.    4.814E-12
        6127.    4.816E-12
        6128.    4.816E-12
        6129.    4.799E-12
        6131.    4.782E-12
        6132.    4.826E-12
        6134.    4.919E-12
        6135.    4.977E-12
        6136.    5.039E-12
        6138.    5.022E-12
        6139.    4.998E-12
        6141.    4.933E-12
        6142.    4.854E-12
        6143.    4.789E-12
        6145.    4.818E-12
        6146.    4.820E-12
        6148.    4.796E-12
        6149.    4.838E-12
        6150.    4.882E-12
        6152.    5.110E-12
        6153.    5.035E-12
        6155.    4.935E-12
        6156.    4.846E-12
        6157.    4.819E-12
        6159.    4.813E-12
        6160.    4.763E-12
        6162.    4.770E-12
        6163.    4.685E-12
        6164.    4.756E-12
        6166.    4.799E-12
        6167.    4.749E-12
        6169.    4.798E-12
        6170.    4.739E-12
        6171.    4.670E-12
        6173.    4.715E-12
        6174.    4.715E-12
        6176.    4.704E-12
        6177.    4.717E-12
        6178.    4.737E-12
        6180.    4.663E-12
        6181.    4.686E-12
        6183.    4.753E-12
        6184.    4.719E-12
        6185.    4.698E-12
        6187.    4.734E-12
        6188.    4.786E-12
        6190.    4.762E-12
        6191.    4.704E-12
        6192.    4.659E-12
        6194.    4.624E-12
        6195.    4.644E-12
        6197.    4.637E-12
        6198.    4.638E-12
        6199.    4.677E-12
        6201.    4.694E-12
        6202.    4.713E-12
        6204.    4.687E-12
        6205.    4.708E-12
        6206.    4.777E-12
        6208.    4.878E-12
        6209.    5.003E-12
        6211.    4.931E-12
        6212.    4.895E-12
        6213.    5.000E-12
        6215.    5.008E-12
        6216.    4.756E-12
        6218.    4.670E-12
        6219.    4.680E-12
        6220.    4.696E-12
        6222.    4.681E-12
        6223.    4.678E-12
        6225.    4.687E-12
        6226.    4.748E-12
        6227.    4.616E-12
        6229.    4.669E-12
        6230.    4.773E-12
        6232.    4.838E-12
        6233.    4.838E-12
        6234.    4.732E-12
        6236.    4.745E-12
        6237.    4.779E-12
        6239.    4.739E-12
        6240.    4.693E-12
        6241.    4.633E-12
        6243.    4.636E-12
        6244.    4.713E-12
        6246.    4.827E-12
        6247.    4.891E-12
        6248.    4.842E-12
        6250.    4.812E-12
        6251.    4.766E-12
        6253.    4.749E-12
        6254.    4.782E-12
        6255.    4.812E-12
        6257.    4.837E-12
        6258.    4.825E-12
        6260.    4.822E-12
        6261.    4.785E-12
        6262.    4.688E-12
        6264.    4.657E-12
        6265.    4.691E-12
        6267.    4.714E-12
        6268.    4.684E-12
        6269.    4.633E-12
        6271.    4.606E-12
        6272.    4.582E-12
        6274.    4.524E-12
        6275.    4.384E-12
        6276.    4.226E-12
        6278.    4.229E-12
        6279.    4.309E-12
        6281.    4.238E-12
        6282.    4.158E-12
        6283.    4.072E-12
        6285.    4.081E-12
        6286.    4.272E-12
        6288.    4.422E-12
        6289.    4.443E-12
        6290.    4.506E-12
        6292.    4.553E-12
        6293.    4.488E-12
        6295.    4.406E-12
        6296.    4.531E-12
        6297.    4.566E-12
        6299.    4.543E-12
        6300.    4.440E-12
        6302.    4.378E-12
        6303.    4.406E-12
        6304.    4.483E-12
        6306.    4.556E-12
        6307.    4.560E-12
        6309.    4.553E-12
        6310.    4.420E-12
        6311.    4.398E-12
        6313.    4.423E-12
        6314.    4.450E-12
        6316.    4.451E-12
        6317.    4.452E-12
        6318.    4.415E-12
        6320.    4.406E-12
        6321.    4.403E-12
        6323.    4.443E-12
        6324.    4.491E-12
        6325.    4.486E-12
        6327.    4.517E-12
        6328.    4.520E-12
        6330.    4.492E-12
        6331.    4.459E-12
        6332.    4.473E-12
        6334.    4.498E-12
        6335.    4.461E-12
        6337.    4.399E-12
        6338.    4.424E-12
        6339.    4.430E-12
        6341.    4.394E-12
        6342.    4.388E-12
        6344.    4.395E-12
        6345.    4.418E-12
        6346.    4.449E-12
        6348.    4.458E-12
        6349.    4.424E-12
        6351.    4.395E-12
        6352.    4.399E-12
        6353.    4.397E-12
        6355.    4.364E-12
        6356.    4.343E-12
        6358.    4.337E-12
        6359.    4.321E-12
        6360.    4.281E-12
        6362.    4.308E-12
        6363.    4.309E-12
        6365.    4.317E-12
        6366.    4.358E-12
        6367.    4.431E-12
        6369.    4.454E-12
        6370.    4.358E-12
        6372.    4.315E-12
        6373.    4.342E-12
        6374.    4.311E-12
        6376.    4.287E-12
        6377.    4.301E-12
        6379.    4.292E-12
        6380.    4.271E-12
        6381.    4.206E-12
        6383.    4.242E-12
        6384.    4.251E-12
        6386.    4.229E-12
        6387.    4.241E-12
        6388.    4.315E-12
        6390.    4.405E-12
        6391.    4.378E-12
        6393.    4.297E-12
        6394.    4.231E-12
        6395.    4.189E-12
        6397.    4.219E-12
        6398.    4.221E-12
        6400.    4.176E-12
        6401.    4.161E-12
        6402.    4.183E-12
        6404.    4.242E-12
        6405.    4.285E-12
        6407.    4.233E-12
        6408.    4.155E-12
        6409.    4.143E-12
        6411.    4.173E-12
        6412.    4.191E-12
        6414.    4.199E-12
        6415.    4.189E-12
        6416.    4.164E-12
        6418.    4.146E-12
        6419.    4.171E-12
        6421.    4.217E-12
        6422.    4.237E-12
        6423.    4.266E-12
        6425.    4.258E-12
        6426.    4.253E-12
        6428.    4.285E-12
        6429.    4.252E-12
        6430.    4.182E-12
        6432.    4.143E-12
        6433.    4.154E-12
        6435.    4.156E-12
        6436.    4.130E-12
        6437.    4.217E-12
        6439.    4.237E-12
        6440.    4.172E-12
        6442.    4.158E-12
        6443.    4.151E-12
        6444.    4.081E-12
        6446.    4.029E-12
        6447.    3.974E-12
        6449.    4.006E-12
        6450.    4.014E-12
        6451.    4.090E-12
        6453.    4.155E-12
        6454.    4.192E-12
        6456.    4.153E-12
        6457.    4.124E-12
        6458.    4.130E-12
        6460.    4.121E-12
        6461.    4.102E-12
        6463.    4.135E-12
        6464.    4.157E-12
        6465.    4.138E-12
        6467.    4.141E-12
        6468.    4.165E-12
        6470.    4.215E-12
        6471.    4.127E-12
        6472.    4.044E-12
        6474.    4.035E-12
        6475.    4.067E-12
        6477.    4.048E-12
        6478.    4.077E-12
        6479.    4.153E-12
        6481.    4.207E-12
        6482.    4.181E-12
        6484.    4.102E-12
        6485.    4.078E-12
        6486.    4.089E-12
        6488.    4.061E-12
        6489.    4.025E-12
        6491.    3.999E-12
        6492.    3.987E-12
        6493.    3.990E-12
        6495.    4.027E-12
        6496.    4.091E-12
        6498.    4.122E-12
        6499.    4.165E-12
        6500.    4.196E-12
        6502.    4.142E-12
        6503.    4.027E-12
        6505.    3.960E-12
        6506.    3.983E-12
        6507.    4.072E-12
        6509.    4.067E-12
        6510.    4.064E-12
        6512.    4.020E-12
        6513.    3.977E-12
        6514.    3.993E-12
        6516.    4.052E-12
        6517.    4.065E-12
        6519.    4.092E-12
        6520.    4.145E-12
        6521.    4.141E-12
        6523.    4.091E-12
        6524.    4.051E-12
        6526.    4.002E-12
        6527.    3.943E-12
        6528.    3.975E-12
        6530.    4.011E-12
        6531.    3.955E-12
        6533.    3.954E-12
        6534.    4.022E-12
        6535.    4.090E-12
        6537.    4.096E-12
        6538.    4.043E-12
        6540.    4.036E-12
        6541.    4.091E-12
        6542.    4.096E-12
        6544.    4.008E-12
        6545.    3.951E-12
        6547.    4.015E-12
        6548.    4.061E-12
        6549.    3.998E-12
        6551.    3.955E-12
        6552.    3.942E-12
        6554.    3.894E-12
        6555.    3.828E-12
        6556.    3.724E-12
        6558.    3.542E-12
        6559.    3.359E-12
        6561.    3.227E-12
        6562.    3.109E-12
        6563.    3.025E-12
        6565.    3.060E-12
        6566.    3.212E-12
        6568.    3.373E-12
        6569.    3.493E-12
        6570.    3.637E-12
        6572.    3.786E-12
        6573.    3.857E-12
        6575.    3.827E-12
        6576.    3.790E-12
        6577.    3.888E-12
        6579.    3.929E-12
        6580.    3.900E-12
        6582.    3.877E-12
        6583.    3.899E-12
        6584.    3.915E-12
        6586.    3.874E-12
        6587.    3.835E-12
        6589.    3.872E-12
        6590.    3.943E-12
        6591.    3.941E-12
        6593.    3.960E-12
        6594.    3.906E-12
        6596.    3.878E-12
        6597.    3.871E-12
        6598.    3.883E-12
        6600.    3.898E-12
        6601.    3.890E-12
        6603.    3.932E-12
        6604.    3.962E-12
        6605.    3.970E-12
        6607.    3.974E-12
        6608.    3.929E-12
        6610.    3.856E-12
        6611.    3.824E-12
        6612.    3.770E-12
        6614.    3.816E-12
        6615.    3.872E-12
        6617.    3.895E-12
        6618.    3.900E-12
        6619.    3.927E-12
        6621.    3.955E-12
        6622.    4.027E-12
        6624.    4.067E-12
        6625.    4.008E-12
        6626.    3.987E-12
        6628.    3.966E-12
        6629.    3.944E-12
        6631.    3.869E-12
        6632.    3.852E-12
        6633.    3.913E-12
        6635.    3.886E-12
        6636.    3.868E-12
        6638.    3.827E-12
        6639.    3.744E-12
        6640.    3.790E-12
        6642.    3.866E-12
        6643.    3.828E-12
        6645.    3.791E-12
        6646.    3.810E-12
        6647.    3.817E-12
        6649.    3.794E-12
        6650.    3.727E-12
        6652.    3.720E-12
        6653.    3.742E-12
        6654.    3.747E-12
        6656.    3.785E-12
        6657.    3.740E-12
        6659.    3.719E-12
        6660.    3.734E-12
        6661.    3.735E-12
        6663.    3.628E-12
        6664.    3.621E-12
        6666.    3.613E-12
        6667.    3.614E-12
        6668.    3.636E-12
        6670.    3.633E-12
        6671.    3.623E-12
        6673.    3.688E-12
        6674.    3.702E-12
        6675.    3.648E-12
        6677.    3.574E-12
        6678.    3.578E-12
        6680.    3.487E-12
        6681.    3.491E-12
        6682.    3.519E-12
        6684.    3.472E-12
        6685.    3.476E-12
        6687.    3.531E-12
        6688.    3.528E-12
        6689.    3.543E-12
        6691.    3.632E-12
        6692.    3.669E-12
        6694.    3.687E-12
        6695.    3.718E-12
        6696.    3.743E-12
        6698.    3.649E-12
        6699.    3.535E-12
        6701.    3.522E-12
        6702.    3.653E-12
        6703.    3.723E-12
        6705.    3.674E-12
        6706.    3.634E-12
        6708.    3.692E-12
        6709.    3.690E-12
        6710.    3.588E-12
        6712.    3.553E-12
        6713.    3.585E-12
        6715.    3.602E-12
        6716.    3.638E-12
        6717.    3.738E-12
        6719.    3.800E-12
        6720.    3.789E-12
        6722.    3.739E-12
        6723.    3.696E-12
        6724.    3.673E-12
        6726.    3.686E-12
        6727.    3.734E-12
        6729.    3.769E-12
        6730.    3.767E-12
        6731.    3.747E-12
        6733.    3.626E-12
        6734.    3.554E-12
        6736.    3.529E-12
        6737.    3.536E-12
        6738.    3.550E-12
        6740.    3.660E-12
        6741.    3.702E-12
        6743.    3.716E-12
        6744.    3.698E-12
        6745.    3.684E-12
        6747.    3.637E-12
        6748.    3.585E-12
        6750.    3.553E-12
        6751.    3.509E-12
        6752.    3.552E-12
        6754.    3.615E-12
        6755.    3.620E-12
        6757.    3.583E-12
        6758.    3.550E-12
        6759.    3.581E-12
        6761.    3.627E-12
        6762.    3.622E-12
        6764.    3.599E-12
        6765.    3.553E-12
        6766.    3.531E-12
        6768.    3.554E-12
        6769.    3.570E-12
        6771.    3.582E-12
        6772.    3.581E-12
        6773.    3.519E-12
        6775.    3.487E-12
        6776.    3.519E-12
        6778.    3.531E-12
        6779.    3.535E-12
        6780.    3.557E-12
        6782.    3.571E-12
        6783.    3.570E-12
        6785.    3.554E-12
        6786.    3.550E-12
        6787.    3.563E-12
        6789.    3.566E-12
        6790.    3.585E-12
        6792.    3.632E-12
        6793.    3.613E-12
        6794.    3.543E-12
        6796.    3.519E-12
        6797.    3.468E-12
        6799.    3.458E-12
        6800.    3.515E-12
        6801.    3.585E-12
        6803.    3.632E-12
        6804.    3.633E-12
        6806.    3.638E-12
        6807.    3.599E-12
        6808.    3.477E-12
        6810.    3.376E-12
        6811.    3.365E-12
        6813.    3.450E-12
        6814.    3.531E-12
        6815.    3.536E-12
        6817.    3.514E-12
        6818.    3.494E-12
        6820.    3.509E-12
        6821.    3.508E-12
        6822.    3.436E-12
        6824.    3.423E-12
        6825.    3.493E-12
        6827.    3.568E-12
        6828.    3.602E-12
        6829.    3.586E-12
        6831.    3.486E-12
        6832.    3.473E-12
        6834.    3.462E-12
        6835.    3.456E-12
        6836.    3.440E-12
        6838.    3.494E-12
        6839.    3.556E-12
        6841.    3.598E-12
        6842.    3.618E-12
        6843.    3.531E-12
        6845.    3.437E-12
        6846.    3.418E-12
        6848.    3.399E-12
        6849.    3.439E-12
        6850.    3.514E-12
        6852.    3.547E-12
        6853.    3.521E-12
        6855.    3.479E-12
        6856.    3.484E-12
        6857.    3.512E-12
        6859.    3.487E-12
        6860.    3.499E-12
        6862.    3.514E-12
        6863.    3.404E-12
        6864.    3.246E-12
        6866.    3.041E-12
        6867.    2.734E-12
        6869.    2.454E-12
        6870.    2.391E-12
        6871.    2.475E-12
        6873.    2.613E-12
        6874.    2.691E-12
        6876.    2.783E-12
        6877.    2.854E-12
        6878.    2.905E-12
        6880.    3.020E-12
        6881.    3.182E-12
        6883.    3.237E-12
        6884.    3.204E-12
        6885.    3.016E-12
        6887.    2.901E-12
        6888.    2.824E-12
        6890.    2.821E-12
        6891.    2.847E-12
        6892.    2.862E-12
        6894.    2.945E-12
        6895.    3.003E-12
        6897.    3.036E-12
        6898.    3.121E-12
        6899.    3.092E-12
        6901.    3.139E-12
        6902.    3.161E-12
        6904.    3.057E-12
        6905.    3.051E-12
        6906.    3.104E-12
        6908.    3.160E-12
        6909.    3.232E-12
        6911.    3.292E-12
        6912.    3.203E-12
        6913.    3.127E-12
        6915.    3.101E-12
        6916.    3.125E-12
        6918.    3.123E-12
        6919.    3.146E-12
        6920.    3.181E-12
        6922.    3.170E-12
        6923.    3.137E-12
        6925.    3.182E-12
        6926.    3.223E-12
        6927.    3.209E-12
        6929.    3.151E-12
        6930.    3.105E-12
        6932.    3.093E-12
        6933.    3.115E-12
        6934.    3.197E-12
        6936.    3.256E-12
        6937.    3.261E-12
        6939.    3.246E-12
        6940.    3.215E-12
        6941.    3.218E-12
        6943.    3.294E-12
        6944.    3.321E-12
        6946.    3.242E-12
        6947.    3.139E-12
        6948.    3.141E-12
        6950.    3.258E-12
        6951.    3.287E-12
        6953.    3.278E-12
        6954.    3.231E-12
        6955.    3.154E-12
        6957.    3.163E-12
        6958.    3.190E-12
        6960.    3.258E-12
        6961.    3.324E-12
        6962.    3.311E-12
        6964.    3.370E-12
        6965.    3.441E-12
        6967.    3.466E-12
        6968.    3.398E-12
        6969.    3.283E-12
        6971.    3.243E-12
        6972.    3.267E-12
        6974.    3.267E-12
        6975.    3.309E-12
        6976.    3.341E-12
        6978.    3.364E-12
        6979.    3.362E-12
        6981.    3.320E-12
        6982.    3.267E-12
        6983.    3.245E-12
        6985.    3.232E-12
        6986.    3.226E-12
        6988.    3.173E-12
        6989.    3.146E-12
        6990.    3.177E-12
        6992.    3.245E-12
        6993.    3.334E-12
        6995.    3.355E-12
        6996.    3.344E-12
        6997.    3.296E-12
        6999.    3.246E-12
        7000.    3.206E-12
        7002.    3.228E-12
        7003.    3.176E-12
        7004.    3.117E-12
        7006.    3.156E-12
        7007.    3.158E-12
        7009.    3.155E-12
        7010.    3.196E-12
        7011.    3.285E-12
        7013.    3.327E-12
        7014.    3.236E-12
        7016.    3.140E-12
        7017.    3.175E-12
        7018.    3.271E-12
        7020.    3.298E-12
        7021.    3.232E-12
        7023.    3.136E-12
        7024.    3.099E-12
        7025.    3.079E-12
        7027.    3.099E-12
        7028.    3.148E-12
        7030.    3.197E-12
        7031.    3.186E-12
        7032.    3.194E-12
        7034.    3.221E-12
        7035.    3.243E-12
        7037.    3.315E-12
        7038.    3.399E-12
        7039.    3.385E-12
        7041.    3.364E-12
        7042.    3.337E-12
        7044.    3.202E-12
        7045.    3.152E-12
        7046.    3.180E-12
        7048.    3.263E-12
        7049.    3.293E-12
        7051.    3.397E-12
        7052.    3.468E-12
        7053.    3.379E-12
        7055.    3.271E-12
        7056.    3.230E-12
        7058.    3.280E-12
        7059.    3.296E-12
        7060.    3.267E-12
        7062.    3.199E-12
        7063.    3.030E-12
        7065.    2.878E-12
        7066.    2.928E-12
        7067.    3.041E-12
        7069.    3.163E-12
        7070.    3.208E-12
        7072.    3.189E-12
        7073.    3.256E-12
        7074.    3.282E-12
        7076.    3.244E-12
        7077.    3.249E-12
        7079.    3.230E-12
        7080.    3.206E-12
        7081.    3.264E-12
        7083.    3.340E-12
        7084.    3.368E-12
        7086.    3.311E-12
        7087.    3.216E-12
        7088.    3.180E-12
        7090.    3.189E-12
        7091.    3.217E-12
        7093.    3.217E-12
        7094.    3.300E-12
        7095.    3.365E-12
        7097.    3.311E-12
        7098.    3.175E-12
        7100.    3.032E-12
        7101.    2.989E-12
        7102.    3.124E-12
        7104.    3.145E-12
        7105.    3.082E-12
        7107.    3.047E-12
        7108.    3.059E-12
        7109.    3.030E-12
        7111.    2.965E-12
        7112.    3.027E-12
        7114.    3.132E-12
        7115.    3.151E-12
        7116.    3.146E-12
        7118.    3.200E-12
        7119.    3.231E-12
        7121.    3.254E-12
        7122.    3.349E-12
        7123.    3.361E-12
        7125.    3.298E-12
        7126.    3.240E-12
        7128.    3.219E-12
        7129.    3.255E-12
        7130.    3.275E-12
        7132.    3.288E-12
        7133.    3.358E-12
        7135.    3.404E-12
        7136.    3.382E-12
        7137.    3.311E-12
        7139.    3.354E-12
        7140.    3.348E-12
        7142.    3.262E-12
        7143.    3.181E-12
        7144.    3.165E-12
        7146.    3.201E-12
        7147.    3.273E-12
        7149.    3.272E-12
        7150.    3.222E-12
        7151.    3.188E-12
        7153.    3.160E-12
        7154.    3.127E-12
        7156.    3.096E-12
        7157.    3.089E-12
        7158.    3.068E-12
        7160.    3.042E-12
        7161.    3.032E-12
        7163.    3.113E-12
        7164.    3.222E-12
        7165.    3.163E-12
        7167.    3.019E-12
        7168.    2.915E-12
        7170.    2.927E-12
        7171.    2.932E-12
        7172.    2.864E-12
        7174.    2.824E-12
        7175.    2.678E-12
        7177.    2.583E-12
        7178.    2.713E-12
        7179.    2.726E-12
        7181.    2.694E-12
        7182.    2.690E-12
        7184.    2.663E-12
        7185.    2.603E-12
        7186.    2.598E-12
        7188.    2.799E-12
        7189.    2.836E-12
        7191.    2.832E-12
        7192.    2.860E-12
        7193.    2.901E-12
        7195.    2.909E-12
        7196.    2.953E-12
        7198.    2.945E-12
        7199.    2.833E-12
        7200.    2.693E-12
        7202.    2.773E-12
        7203.    2.775E-12
        7205.    2.777E-12
        7206.    2.919E-12
        7207.    3.061E-12
        7209.    3.128E-12
        7210.    3.133E-12
        7212.    3.149E-12
        7213.    3.083E-12
        7214.    3.055E-12
        7216.    3.133E-12
        7217.    3.220E-12
        7219.    3.335E-12
        7220.    3.346E-12
        7221.    3.248E-12
        7223.    3.191E-12
        7224.    3.205E-12
        7226.    3.216E-12
        7227.    3.170E-12
        7228.    3.132E-12
        7230.    3.116E-12
        7231.    2.989E-12
        7233.    2.806E-12
        7234.    2.758E-12
        7235.    2.862E-12
        7237.    2.989E-12
        7238.    2.981E-12
        7240.    2.952E-12
        7241.    2.927E-12
        7242.    2.926E-12
        7244.    2.891E-12
        7245.    2.877E-12
        7247.    3.082E-12
        7248.    3.064E-12
        7249.    3.014E-12
        7251.    2.927E-12
        7252.    2.848E-12
        7254.    2.934E-12
        7255.    3.033E-12
        7256.    3.002E-12
        7258.    3.000E-12
        7259.    3.016E-12
        7261.    3.060E-12
        7262.    3.003E-12
        7263.    2.907E-12
        7265.    2.837E-12
        7266.    2.908E-12
        7268.    2.990E-12
        7269.    2.961E-12
        7270.    3.022E-12
        7272.    2.972E-12
        7273.    2.885E-12
        7275.    2.769E-12
        7276.    2.670E-12
        7277.    2.764E-12
        7279.    2.936E-12
        7280.    2.991E-12
        7282.    2.968E-12
        7283.    2.926E-12
        7284.    2.893E-12
        7286.    2.768E-12
        7287.    2.713E-12
        7289.    2.687E-12
        7290.    2.674E-12
        7291.    2.733E-12
        7293.    2.836E-12
        7294.    2.960E-12
        7296.    2.982E-12
        7297.    2.979E-12
        7298.    2.982E-12
        7300.    2.946E-12
        7301.    2.943E-12
        7303.    2.841E-12
        7304.    2.732E-12
        7305.    2.797E-12
        7307.    2.879E-12
        7308.    2.888E-12
        7310.    2.826E-12
        7311.    2.849E-12
        7312.    2.967E-12
        7314.    3.009E-12
        7315.    3.083E-12
        7317.    3.098E-12
        7318.    3.079E-12
        7319.    3.086E-12
        7321.    3.111E-12
        7322.    3.107E-12
        7324.    3.015E-12
        7325.    2.938E-12
        7326.    2.959E-12
        7328.    2.973E-12
        7329.    3.098E-12
        7331.    3.038E-12
        7332.    2.966E-12
        7333.    2.958E-12
        7335.    2.994E-12
        7336.    3.056E-12
        7338.    3.090E-12
        7339.    3.084E-12
        7340.    3.035E-12
        7342.    2.892E-12
        7343.    2.734E-12
        7345.    2.876E-12
        7346.    2.854E-12
        7347.    2.781E-12
        7349.    2.774E-12
        7350.    2.867E-12
        7352.    2.905E-12
        7353.    2.860E-12
        7354.    2.823E-12
        7356.    2.769E-12
        7357.    2.698E-12
        7359.    2.738E-12
        7360.    2.762E-12
        7361.    2.799E-12
        7363.    2.864E-12
        7364.    2.902E-12
        7366.    2.943E-12
        7367.    3.001E-12
        7368.    2.981E-12
        7370.    2.943E-12
        7371.    2.915E-12
        7373.    2.832E-12
        7374.    2.742E-12
        7375.    2.724E-12
        7377.    2.744E-12
        7378.    2.723E-12
        7380.    2.690E-12
        7381.    2.678E-12
        7382.    2.704E-12
        7384.    2.751E-12
        7385.    2.797E-12
        7387.    2.828E-12
        7388.    2.807E-12
        7389.    2.799E-12
        7391.    2.775E-12
        7392.    2.766E-12
        7394.    2.807E-12
        7395.    2.811E-12
        7396.    2.827E-12
        7398.    2.860E-12
        7399.    2.844E-12
        7401.    2.780E-12
        7402.    2.784E-12
        7403.    2.709E-12
        7405.    2.698E-12
        7406.    2.699E-12
        7408.    2.653E-12
        7409.    2.633E-12
        7410.    2.645E-12
        7412.    2.675E-12
        7413.    2.578E-12
        7415.    2.634E-12
        7416.    2.688E-12
        7417.    2.696E-12
        7419.    2.780E-12
        7420.    2.860E-12
        7422.    2.832E-12
        7423.    2.864E-12
        7424.    2.861E-12
        7426.    2.799E-12
        7427.    2.751E-12
